-0.0345748  -0.0574985  0.0006235
-0.0353431  -0.0588669  0.0005322
-0.0361114  -0.0602353  0.0004463
-0.0368578  -0.0616295  0.0003556
-0.0382847  -0.0642372  0.0002822
-0.0391189  -0.0657863  0.0002106
-0.0399531  -0.0673613  0.0001555
-0.0407873  -0.0689620  0.0001158
-0.0416654  -0.0705628  0.0001014
-0.0425435  -0.0721894  0.0000933
-0.0434215  -0.0738418  0.0000701
-0.0443435  -0.0755458  0.0000346
-0.0452655  -0.0772757  -0.0000105
-0.0462314  -0.0790055  -0.0000800
-0.0479657  -0.0820005  -0.0002257
-0.0489535  -0.0836788  -0.0003510
-0.0499414  -0.0853570  -0.0004744
-0.0509731  -0.0870610  -0.0005873
-0.0520049  -0.0887909  -0.0006836
-0.0530586  -0.0905466  -0.0007598
-0.0541123  -0.0923281  -0.0008314
-0.0552099  -0.0941095  -0.0009123
-0.0563295  -0.0959427  -0.0009965
-0.0574490  -0.0977758  -0.0010797
-0.0596004  -0.1011323  -0.0011869
-0.0608955  -0.1030429  -0.0013148
-0.0621907  -0.1049793  -0.0014271
-0.0634859  -0.1069415  -0.0015264
-0.0647811  -0.1088779  -0.0016343
-0.0660763  -0.1108143  -0.0017376
-0.0673495  -0.1127507  -0.0018353
-0.0686447  -0.1146871  -0.0019583
-0.0699399  -0.1166235  -0.0020951
-0.0712131  -0.1185600  -0.0022560
-0.0733864  -0.1220197  -0.0023710
-0.0745937  -0.1239819  -0.0024081
-0.0758011  -0.1259700  -0.0024433
-0.0770304  -0.1279580  -0.0024761
-0.0782598  -0.1299461  -0.0025056
-0.0794891  -0.1319341  -0.0025046
-0.0806965  -0.1339221  -0.0024993
-0.0819038  -0.1359102  -0.0025021
-0.0831112  -0.1378982  -0.0024992
-0.0843186  -0.1398863  -0.0024849
-0.0863601  -0.1434235  -0.0024079
-0.0874797  -0.1454373  -0.0024122
-0.0885773  -0.1474512  -0.0023977
-0.0896749  -0.1494651  -0.0023764
-0.0907725  -0.1514789  -0.0023562
-0.0918482  -0.1534928  -0.0023378
-0.0929239  -0.1555067  -0.0023339
-0.0939776  -0.1575205  -0.0023416
-0.0950532  -0.1595086  -0.0023480
-0.0961289  -0.1614966  -0.0023693
-0.0980387  -0.1648014  -0.0023694
-0.0990924  -0.1666088  -0.0023636
-0.1001681  -0.1684161  -0.0023698
-0.1012218  -0.1701976  -0.0023776
-0.1022975  -0.1720049  -0.0023887
-0.1033731  -0.1737864  -0.0024182
-0.1044707  -0.1755937  -0.0024624
-0.1055903  -0.1774268  -0.0025201
-0.1067099  -0.1792858  -0.0025586
-0.1078514  -0.1811706  -0.0025678
-0.1100027  -0.1846303  -0.0024850
-0.1112759  -0.1866183  -0.0024343
-0.1125711  -0.1886580  -0.0023790
-0.1138883  -0.1907493  -0.0023348
-0.1152493  -0.1928923  -0.0022863
-0.1166103  -0.1951127  -0.0022339
-0.1180372  -0.1974364  -0.0021948
-0.1195080  -0.1998117  -0.0021513
-0.1210447  -0.2022645  -0.0021345
-0.1226253  -0.2047690  -0.0021124
-0.1243375  -0.2075832  -0.0020850
-0.1272133  -0.2122822  -0.0019261
-0.1287719  -0.2148641  -0.0017996
-0.1303744  -0.2174718  -0.0016252
-0.1319989  -0.2201311  -0.0014297
-0.1336233  -0.2228421  -0.0012084
-0.1352697  -0.2255531  -0.0009440
-0.1369381  -0.2282899  -0.0006967
-0.1385626  -0.2310267  -0.0004570
-0.1402090  -0.2337893  -0.0002010
-0.1429530  -0.2385400  0.0001460
-0.1444238  -0.2411477  0.0003348
-0.1458727  -0.2437295  0.0005159
-0.1473215  -0.2462598  0.0006865
-0.1487484  -0.2487384  0.0008271
-0.1501534  -0.2511653  0.0009205
-0.1515144  -0.2535407  0.0009818
-0.1528535  -0.2558902  0.0010221
-0.1541926  -0.2581622  0.0010213
-0.1554878  -0.2603827  0.0009896
-0.1580123  -0.2644362  0.0008890
-0.1595050  -0.2667599  0.0008091
-0.1609539  -0.2690061  0.0007395
-0.1624027  -0.2712266  0.0006701
-0.1638516  -0.2734212  0.0006250
-0.1652565  -0.2755899  0.0006071
-0.1666615  -0.2777071  0.0005897
-0.1680445  -0.2797726  0.0006040
-0.1694055  -0.2818381  0.0006393
-0.1707226  -0.2838520  0.0007034
-0.1728959  -0.2875182  0.0008306
-0.1740813  -0.2896354  0.0008514
-0.1752448  -0.2917525  0.0008649
-0.1764083  -0.2938180  0.0008245
-0.1775937  -0.2958835  0.0007215
-0.1787571  -0.2979748  0.0005750
-0.1799206  -0.3000403  0.0003738
-0.1811060  -0.3021575  0.0001540
-0.1822695  -0.3042746  -0.0000876
-0.1834549  -0.3064176  -0.0003133
-0.1870990  -0.3126399  -0.0004775
-0.1883722  -0.3148603  -0.0005190
-0.1896455  -0.3171324  -0.0005037
-0.1909626  -0.3194303  -0.0004511
-0.1923017  -0.3217798  -0.0003650
-0.1936627  -0.3241551  -0.0002402
-0.1950457  -0.3265563  -0.0001036
-0.1964287  -0.3290090  0.0000687
-0.1978556  -0.3314877  0.0002215
-0.2003362  -0.3358510  0.0004698
-0.2016972  -0.3383296  0.0006060
-0.2030802  -0.3407824  0.0007268
-0.2044852  -0.3432610  0.0008170
-0.2058462  -0.3457138  0.0009254
-0.2072073  -0.3481666  0.0010182
-0.2085463  -0.3505936  0.0010925
-0.2098635  -0.3529947  0.0011393
-0.2111587  -0.3553959  0.0011738
-0.2124538  -0.3577712  0.0011813
-0.2146271  -0.3618506  0.0012216
-0.2157467  -0.3641484  0.0012035
-0.2168882  -0.3663947  0.0011882
-0.2180078  -0.3686667  0.0011434
-0.2191493  -0.3709130  0.0011029
-0.2203128  -0.3731850  0.0010250
-0.2215201  -0.3754571  0.0009002
-0.2227495  -0.3777808  0.0007644
-0.2240227  -0.3801303  0.0006376
-0.2252959  -0.3825314  0.0004911
-0.2277985  -0.3871014  0.0003104
-0.2292473  -0.3897865  0.0002159
-0.2307401  -0.3925491  0.0001409
-0.2322328  -0.3953376  0.0001402
-0.2337695  -0.3981776  0.0001838
-0.2353061  -0.4010693  0.0003027
-0.2368428  -0.4039610  0.0004730
-0.2384014  -0.4068527  0.0006869
-0.2399600  -0.4097703  0.0008920
-0.2415406  -0.4126878  0.0010992
-0.2441968  -0.4176450  0.0014284
-0.2456237  -0.4203818  0.0016117
-0.2470286  -0.4231186  0.0017635
-0.2484555  -0.4258554  0.0018568
-0.2498605  -0.4285922  0.0019487
-0.2512435  -0.4313290  0.0020171
-0.2526265  -0.4340658  0.0020759
-0.2540095  -0.4367767  0.0020942
-0.2554144  -0.4395135  0.0021152
-0.2567974  -0.4422503  0.0021335
-0.2593658  -0.4472334  0.0022216
-0.2608147  -0.4500734  0.0022560
-0.2623074  -0.4529393  0.0022780
-0.2638221  -0.4558052  0.0022913
-0.2653807  -0.4586969  0.0022760
-0.2669832  -0.4616144  0.0022389
-0.2686077  -0.4645578  0.0021999
-0.2702761  -0.4675269  0.0021651
-0.2719883  -0.4705219  0.0021233
-0.2737445  -0.4735685  0.0020357
-0.2757861  -0.4767959  0.0019789
-0.2791667  -0.4821404  0.0019760
-0.2809668  -0.4850063  0.0020383
-0.2827449  -0.4879238  0.0021584
-0.2845450  -0.4908671  0.0023446
-0.2863451  -0.4938363  0.0025586
-0.2881452  -0.4968313  0.0028146
-0.2899453  -0.4998521  0.0031086
-0.2917015  -0.5029503  0.0034167
-0.2934576  -0.5060486  0.0037316
-0.2966407  -0.5117287  0.0041778
-0.2984189  -0.5149303  0.0043796
-0.3002409  -0.5181318  0.0045255
-0.3020629  -0.5213592  0.0046811
-0.3038850  -0.5246123  0.0048211
-0.3057070  -0.5278655  0.0049636
-0.3075290  -0.5311187  0.0050326
-0.3093511  -0.5343460  0.0050759
-0.3111731  -0.5375734  0.0051081
-0.3129951  -0.5407749  0.0051513
-0.3161782  -0.5464292  0.0053790
-0.3179564  -0.5495791  0.0055205
-0.3197125  -0.5527290  0.0056947
-0.3214907  -0.5558531  0.0058914
-0.3232468  -0.5589772  0.0061062
-0.3250250  -0.5621270  0.0063271
-0.3268251  -0.5652511  0.0065320
-0.3286471  -0.5683752  0.0067324
-0.3305130  -0.5714993  0.0068915
-0.3323790  -0.5746492  0.0070665
-0.3357816  -0.5803293  0.0073921
-0.3376914  -0.5835050  0.0075997
-0.3396232  -0.5867066  0.0077893
-0.3415989  -0.5899081  0.0079518
-0.3436185  -0.5931354  0.0081237
-0.3456381  -0.5964144  0.0083254
-0.3476797  -0.5997192  0.0085657
-0.3497213  -0.6030499  0.0088078
-0.3517848  -0.6064063  0.0090788
-0.3538483  -0.6097886  0.0093422
-0.3574924  -0.6158302  0.0097692
-0.3595120  -0.6192124  0.0100059
-0.3614877  -0.6225947  0.0102659
-0.3634853  -0.6260028  0.0105341
-0.3654610  -0.6294109  0.0107857
-0.3674806  -0.6328706  0.0110441
-0.3694783  -0.6363561  0.0112603
-0.3714979  -0.6398417  0.0114847
-0.3735175  -0.6433788  0.0117046
-0.3755151  -0.6469160  0.0119108
-0.3792031  -0.6533449  0.0121231
-0.3813105  -0.6570112  0.0122517
-0.3834180  -0.6607033  0.0123553
-0.3855034  -0.6643953  0.0125020
-0.3876108  -0.6680616  0.0126160
-0.3896963  -0.6717279  0.0127388
-0.3917598  -0.6753942  0.0128923
-0.3938233  -0.6790346  0.0130984
-0.3958649  -0.6827009  0.0133187
-0.3979284  -0.6863413  0.0135224
-0.4015066  -0.6926669  0.0138916
-0.4034823  -0.6961525  0.0140799
-0.4054580  -0.6996122  0.0143057
-0.4074118  -0.7030719  0.0144847
-0.4093875  -0.7065058  0.0146692
-0.4113632  -0.7099397  0.0148419
-0.4133169  -0.7133220  0.0150193
-0.4153146  -0.7167042  0.0151970
-0.4173122  -0.7200865  0.0153546
-0.4193099  -0.7234688  0.0154989
-0.4229979  -0.7296136  0.0156577
-0.4251272  -0.7331250  0.0157625
-0.4272346  -0.7366622  0.0158556
-0.4293640  -0.7401994  0.0159986
-0.4315153  -0.7437365  0.0161218
-0.4337106  -0.7472995  0.0162908
-0.4358838  -0.7508625  0.0164829
-0.4380791  -0.7544513  0.0167520
-0.4402743  -0.7580918  0.0170366
-0.4424695  -0.7617322  0.0173113
-0.4463331  -0.7681869  0.0176977
-0.4484844  -0.7717499  0.0178946
-0.4506357  -0.7753646  0.0180522
-0.4527871  -0.7789792  0.0182133
-0.4549384  -0.7825938  0.0183813
-0.4570678  -0.7862601  0.0185904
-0.4592410  -0.7899522  0.0188023
-0.4614363  -0.7936443  0.0190608
-0.4636095  -0.7973622  0.0193203
-0.4658048  -0.8011317  0.0195875
-0.4697781  -0.8077414  0.0199751
-0.4720392  -0.8114076  0.0201806
-0.4743222  -0.8150739  0.0203824
-0.4766053  -0.8187402  0.0206132
-0.4788883  -0.8223806  0.0208419
-0.4811713  -0.8260211  0.0210838
-0.4834324  -0.8296873  0.0213749
-0.4856935  -0.8333278  0.0217036
-0.4879326  -0.8369682  0.0220023
-0.4901937  -0.8405829  0.0222515
-0.4925865  -0.8447397  0.0225096
-0.4966477  -0.8514526  0.0227672
-0.4988868  -0.8550414  0.0228181
-0.5011479  -0.8586044  0.0228444
-0.5033870  -0.8621932  0.0228676
-0.5056261  -0.8657304  0.0229205
-0.5078653  -0.8692676  0.0229990
-0.5100824  -0.8728047  0.0230568
-0.5122996  -0.8763161  0.0231409
-0.5145387  -0.8798275  0.0232092
-0.5185780  -0.8862563  0.0234004
-0.5209488  -0.8899226  0.0234700
-0.5233196  -0.8936147  0.0235291
-0.5257344  -0.8973068  0.0235686
-0.5281491  -0.9009989  0.0236091
-0.5306078  -0.9047684  0.0236813
-0.5330664  -0.9085638  0.0237804
-0.5355031  -0.9123850  0.0239137
-0.5379838  -0.9162578  0.0240381
-0.5404644  -0.9201564  0.0241294
-0.5447011  -0.9271791  0.0244333
-0.5470720  -0.9312069  0.0246212
-0.5494648  -0.9352346  0.0248301
-0.5518795  -0.9393398  0.0250681
-0.5542723  -0.9434450  0.0253377
-0.5567090  -0.9475760  0.0256306
-0.5591457  -0.9517328  0.0259054
-0.5616044  -0.9559155  0.0261560
-0.5640630  -0.9601239  0.0264009
-0.5665436  -0.9643324  0.0266722
-0.5708902  -0.9717940  0.0271594
-0.5734147  -0.9760025  0.0274213
-0.5759172  -0.9802110  0.0276545
-0.5784417  -0.9844453  0.0279119
-0.5809663  -0.9886537  0.0281587
-0.5834688  -0.9928622  0.0283843
-0.5859933  -0.9970707  0.0286085
-0.5884739  -1.0012791  0.0287913
-0.5909545  -1.0054359  0.0289475
-0.5934571  -1.0095928  0.0291067
-0.5976500  -1.0166155  0.0294375
-0.5999550  -1.0204883  0.0296730
-0.6022599  -1.0243353  0.0299708
-0.6045210  -1.0281565  0.0302584
-0.6067821  -1.0319519  0.0305738
-0.6090432  -1.0357214  0.0308448
-0.6112823  -1.0394651  0.0311013
-0.6134995  -1.0431830  0.0313545
-0.6156947  -1.0468751  0.0315824
-0.6178899  -1.0505414  0.0317875
-0.6219072  -1.0573317  0.0321140
-0.6241902  -1.0612820  0.0323844
-0.6264952  -1.0651807  0.0326739
-0.6287783  -1.0691051  0.0329325
-0.6310832  -1.0730296  0.0331540
-0.6333882  -1.0769540  0.0333338
-0.6357371  -1.0808785  0.0334997
-0.6381080  -1.0848288  0.0335940
-0.6404788  -1.0888049  0.0336374
-0.6428936  -1.0928326  0.0337103
-0.6471962  -1.1000102  0.0338886
-0.6496548  -1.1041154  0.0340181
-0.6521355  -1.1082464  0.0342116
-0.6546161  -1.1124033  0.0344558
-0.6571186  -1.1166375  0.0347400
-0.6596212  -1.1208976  0.0350840
-0.6621457  -1.1251836  0.0354502
-0.6646921  -1.1295469  0.0357954
-0.6672606  -1.1339361  0.0361603
-0.6698290  -1.1383770  0.0365003
-0.6742414  -1.1462775  0.0370688
-0.6767439  -1.1507958  0.0373191
-0.6792465  -1.1553658  0.0375123
-0.6817710  -1.1599873  0.0376910
-0.6843614  -1.1646605  0.0378270
-0.6869517  -1.1693595  0.0380046
-0.6895860  -1.1741360  0.0382205
-0.6921983  -1.1789383  0.0384612
-0.6948106  -1.1837406  0.0387500
-0.6974449  -1.1885429  0.0391298
-0.7021427  -1.1969340  0.0397055
-0.7047550  -1.2016589  0.0400266
-0.7073454  -1.2063579  0.0404199
-0.7099577  -1.2110311  0.0407602
-0.7125700  -1.2157559  0.0410710
-0.7151823  -1.2204033  0.0413672
-0.7178166  -1.2250507  0.0416042
-0.7204509  -1.2296981  0.0418871
-0.7231071  -1.2343455  0.0421584
-0.7256975  -1.2389670  0.0423733
-0.7302196  -1.2470483  0.0427436
-0.7326563  -1.2515150  0.0429828
-0.7351150  -1.2559558  0.0431027
-0.7375517  -1.2603967  0.0432028
-0.7399884  -1.2648117  0.0432568
-0.7424031  -1.2692267  0.0433275
-0.7447959  -1.2736675  0.0434141
-0.7471887  -1.2781084  0.0435391
-0.7495376  -1.2825750  0.0436845
-0.7518865  -1.2870417  0.0438833
-0.7547183  -1.2920247  0.0440531
-0.7591966  -1.3004674  0.0444270
-0.7615455  -1.3051923  0.0446714
-0.7638944  -1.3099946  0.0449319
-0.7662213  -1.3148485  0.0452370
-0.7685263  -1.3197283  0.0455727
-0.7708532  -1.3246597  0.0459057
-0.7732460  -1.3296427  0.0461828
-0.7756608  -1.3346515  0.0464293
-0.7780975  -1.3396604  0.0466472
-0.7826196  -1.3485421  0.0471675
-0.7851881  -1.3535767  0.0474675
-0.7877565  -1.3586114  0.0478602
-0.7903249  -1.3636977  0.0483489
-0.7929152  -1.3688098  0.0489088
-0.7955495  -1.3739478  0.0494298
-0.7982057  -1.3791115  0.0499750
-0.8008620  -1.3842753  0.0505276
-0.8035401  -1.3894649  0.0510943
-0.8062183  -1.3947061  0.0516405
-0.8109380  -1.4041041  0.0525538
-0.8135065  -1.4093970  0.0530471
-0.8161188  -1.4147415  0.0534639
-0.8187531  -1.4201118  0.0537958
-0.8214093  -1.4255079  0.0540725
-0.8240655  -1.4309041  0.0543564
-0.8267437  -1.4363518  0.0547074
-0.8294438  -1.4418512  0.0549924
-0.8321439  -1.4474281  0.0553505
-0.8348441  -1.4530049  0.0557346
-0.8395857  -1.4629194  0.0564436
-0.8421761  -1.4684962  0.0568183
-0.8448104  -1.4741506  0.0571902
-0.8474227  -1.4797790  0.0576075
-0.8500350  -1.4854334  0.0580477
-0.8526034  -1.4911135  0.0585470
-0.8551718  -1.4968195  0.0590492
-0.8577403  -1.5025254  0.0594893
-0.8602867  -1.5082830  0.0599295
-0.8628112  -1.5140148  0.0603859
-0.8658406  -1.5201855  0.0608275
-0.8703409  -1.5303839  0.0616648
-0.8725580  -1.5360640  0.0621939
-0.8747533  -1.5416925  0.0627239
-0.8769265  -1.5473210  0.0633130
-0.8790559  -1.5529237  0.0639028
-0.8811633  -1.5585264  0.0645595
-0.8832488  -1.5640775  0.0651814
-0.8852903  -1.5696285  0.0658254
-0.8873099  -1.5752312  0.0664925
-0.8911296  -1.5854296  0.0675440
-0.8932370  -1.5913421  0.0681647
-0.8952786  -1.5973063  0.0687360
-0.8973421  -1.6032962  0.0693079
-0.8993837  -1.6092862  0.0697956
-0.9014472  -1.6153020  0.0702755
-0.9035327  -1.6213177  0.0706964
-0.9056181  -1.6273852  0.0711007
-0.9077036  -1.6334526  0.0715092
-0.9097891  -1.6395458  0.0719921
-0.9136746  -1.6503639  0.0728153
-0.9158259  -1.6565604  0.0732360
-0.9179992  -1.6628086  0.0736758
-0.9201725  -1.6690567  0.0741389
-0.9223238  -1.6752791  0.0746043
-0.9244312  -1.6815014  0.0751321
-0.9265606  -1.6877495  0.0756600
-0.9286680  -1.6939977  0.0761795
-0.9307535  -1.7002458  0.0766577
-0.9328389  -1.7064940  0.0770809
-0.9365489  -1.7173895  0.0777473
-0.9385465  -1.7236119  0.0781169
-0.9405222  -1.7298342  0.0784783
-0.9424979  -1.7360565  0.0788875
-0.9444297  -1.7422530  0.0793463
-0.9463396  -1.7483979  0.0798004
-0.9482494  -1.7545428  0.0802630
-0.9501373  -1.7607135  0.0806748
-0.9520471  -1.7668584  0.0810647
-0.9539131  -1.7730032  0.0815433
-0.9574254  -1.7837955  0.0824111
-0.9593572  -1.7899404  0.0828731
-0.9612671  -1.7961111  0.0833374
-0.9631550  -1.8023076  0.0838453
-0.9649770  -1.8084783  0.0843376
-0.9667991  -1.8146748  0.0848827
-0.9685772  -1.8208971  0.0854302
-0.9703334  -1.8270678  0.0859838
-0.9720457  -1.8332643  0.0865225
-0.9737579  -1.8394350  0.0870490
-0.9768093  -1.8502789  0.0879377
-0.9784777  -1.8564754  0.0884500
-0.9801460  -1.8626719  0.0889102
-0.9817925  -1.8688168  0.0893025
-0.9833950  -1.8749875  0.0896925
-0.9850414  -1.8811324  0.0900886
-0.9866878  -1.8872256  0.0904243
-0.9883562  -1.8933447  0.0907210
-0.9900465  -1.8994121  0.0909155
-0.9918027  -1.9055570  0.0910523
-0.9938662  -1.9119084  0.0913191
-0.9971590  -1.9229330  0.0917922
-0.9988713  -1.9291812  0.0920352
-1.0006275  -1.9354810  0.0923185
-1.0024276  -1.9418582  0.0926851
-1.0042277  -1.9483129  0.0930958
-1.0060278  -1.9548451  0.0936283
-1.0077839  -1.9615322  0.0942358
-1.0095182  -1.9683225  0.0949074
-1.0112743  -1.9752419  0.0955444
-1.0145013  -1.9876350  0.0966753
-1.0162575  -1.9947868  0.0972702
-1.0180356  -2.0020935  0.0978647
-1.0198138  -2.0095035  0.0985520
-1.0215919  -2.0170168  0.0991815
-1.0234139  -2.0246591  0.0998572
-1.0252140  -2.0323790  0.1004663
-1.0270361  -2.0401504  0.1011551
-1.0288581  -2.0479993  0.1019219
-1.0306582  -2.0558483  0.1027146
-1.0337096  -2.0696097  0.1040822
-1.0353560  -2.0774844  0.1047853
-1.0370024  -2.0852817  0.1054668
-1.0386049  -2.0930532  0.1060539
-1.0402074  -2.1008246  0.1065336
-1.0417880  -2.1085444  0.1069956
-1.0433027  -2.1161610  0.1073808
-1.0448174  -2.1237517  0.1076602
-1.0462882  -2.1312650  0.1077887
-1.0478029  -2.1387008  0.1077809
-1.0504152  -2.1517909  0.1078401
-1.0517543  -2.1592526  0.1079540
-1.0530934  -2.1666626  0.1080385
-1.0544105  -2.1740468  0.1082027
-1.0557277  -2.1813535  0.1084252
-1.0570668  -2.1885827  0.1087710
-1.0583839  -2.1957604  0.1091005
-1.0596791  -2.2029122  0.1095434
-1.0609743  -2.2100124  0.1099976
-1.0622694  -2.2171125  0.1104734
-1.0645086  -2.2297896  0.1112676
-1.0656281  -2.2371996  0.1116077
-1.0667258  -2.2445837  0.1118324
-1.0678014  -2.2520196  0.1120283
-1.0688332  -2.2594296  0.1120969
-1.0698210  -2.2669170  0.1121567
-1.0708089  -2.2744561  0.1121600
-1.0717967  -2.2820468  0.1120212
-1.0727407  -2.2896376  0.1119520
-1.0736407  -2.2972541  0.1119079
-1.0750018  -2.3109897  0.1119704
-1.0755286  -2.3190968  0.1120109
-1.0760335  -2.3272297  0.1120787
-1.0765604  -2.3354143  0.1121411
-1.0770872  -2.3436505  0.1122976
-1.0775921  -2.3519383  0.1124615
-1.0780751  -2.3602520  0.1126587
-1.0785361  -2.3686689  0.1128920
-1.0789971  -2.3771375  0.1130609
-1.0794581  -2.3856577  0.1131204
-1.0805996  -2.4005810  0.1131969
-1.0810825  -2.4092561  0.1132144
-1.0815435  -2.4180087  0.1132356
-1.0819826  -2.4268129  0.1133132
-1.0824436  -2.4356429  0.1133376
-1.0829265  -2.4445504  0.1134062
-1.0834314  -2.4535095  0.1134953
-1.0839583  -2.4625461  0.1136621
-1.0845071  -2.4716601  0.1138427
-1.0850998  -2.4808258  0.1140315
-1.0863511  -2.4963429  0.1142385
-1.0868780  -2.5051213  0.1142422
-1.0874048  -2.5139513  0.1142481
-1.0879975  -2.5229105  0.1142198
-1.0885902  -2.5319471  0.1142156
-1.0891610  -2.5410095  0.1141971
-1.0897318  -2.5501493  0.1141401
-1.0902586  -2.5594183  0.1140505
-1.0907635  -2.5687130  0.1140136
-1.0912026  -2.5780336  0.1139665
-1.0924758  -2.5942995  0.1139161
-1.0931563  -2.6035426  0.1138173
-1.0937929  -2.6127857  0.1136708
-1.0943637  -2.6220547  0.1135612
-1.0948905  -2.6312978  0.1134555
-1.0953735  -2.6404893  0.1133156
-1.0958125  -2.6496550  0.1131361
-1.0962516  -2.6588207  0.1129848
-1.0966467  -2.6679347  0.1127843
-1.0969760  -2.6770229  0.1126556
-1.0976565  -2.6926175  0.1126210
-1.0979858  -2.7013184  0.1125272
-1.0982931  -2.7099677  0.1124302
-1.0985785  -2.7185654  0.1123180
-1.0988200  -2.7271631  0.1122297
-1.0990176  -2.7357349  0.1121192
-1.0991932  -2.7442551  0.1119598
-1.0993249  -2.7528011  0.1117848
-1.0994566  -2.7612955  0.1115230
-1.0995444  -2.7698674  0.1112972
-1.1000713  -2.7790072  0.1113263
-1.1004225  -2.7945501  0.1111126
-1.1002908  -2.8032511  0.1108273
-1.1001591  -2.8120295  0.1105605
-1.1000493  -2.8209370  0.1102439
-1.0999835  -2.8299735  0.1099642
-1.0999396  -2.8391134  0.1096856
-1.0999615  -2.8483824  0.1093596
-1.1000493  -2.8578062  0.1090429
-1.1001591  -2.8674108  0.1087563
-1.1005542  -2.8846061  0.1087384
-1.1006421  -2.8943398  0.1087887
-1.1007738  -2.9042284  0.1088871
-1.1008835  -2.9142203  0.1090419
-1.1010152  -2.9243155  0.1092520
-1.1011689  -2.9344881  0.1095398
-1.1012787  -2.9447123  0.1098404
-1.1013445  -2.9549882  0.1102202
-1.1013226  -2.9652641  0.1106554
-1.1012128  -2.9755658  0.1111634
-1.1010372  -2.9934324  0.1119723
-1.1008396  -3.0032952  0.1122013
-1.1005762  -3.0132096  0.1124197
-1.1002469  -3.0229949  0.1125456
-1.0998298  -3.0327803  0.1127084
-1.0992810  -3.0424365  0.1127452
-1.0986664  -3.0521186  0.1127131
-1.0979859  -3.0616973  0.1125761
-1.0972175  -3.0712503  0.1124262
-1.0964053  -3.0807000  0.1121781
-1.0951760  -3.0975338  0.1120004
-1.0944296  -3.1070093  0.1118935
-1.0935954  -3.1164590  0.1118308
-1.0927173  -3.1258829  0.1118617
-1.0917953  -3.1352551  0.1119544
-1.0908294  -3.1446015  0.1120855
-1.0897977  -3.1539737  0.1122480
-1.0887659  -3.1633460  0.1125264
-1.0876903  -3.1726666  0.1128724
-1.0866146  -3.1820130  0.1132623
-1.0849901  -3.1987177  0.1138454
-1.0840242  -3.2082191  0.1141500
-1.0830583  -3.2177204  0.1144973
-1.0821144  -3.2271959  0.1147777
-1.0811924  -3.2366714  0.1150708
-1.0803363  -3.2461727  0.1152646
-1.0794362  -3.2556740  0.1153467
-1.0785362  -3.2652270  0.1153093
-1.0776361  -3.2748574  0.1151563
-1.0767800  -3.2845653  0.1149279
-1.0751555  -3.3018122  0.1143993
-1.0741896  -3.3116234  0.1141060
-1.0731798  -3.3215120  0.1139055
-1.0721261  -3.3314522  0.1137685
-1.0710724  -3.3414699  0.1136987
-1.0700187  -3.3515909  0.1137228
-1.0689431  -3.3617893  0.1138837
-1.0678674  -3.3720652  0.1141164
-1.0667698  -3.3823927  0.1144072
-1.0656941  -3.3927977  0.1147439
-1.0637843  -3.4111807  0.1156152
-1.0625769  -3.4215341  0.1161209
-1.0613256  -3.4318874  0.1166198
-1.0600085  -3.4422407  0.1170965
-1.0587133  -3.4526199  0.1173750
-1.0573962  -3.4629732  0.1176862
-1.0560351  -3.4732749  0.1178579
-1.0546082  -3.4836025  0.1179882
-1.0530935  -3.4938525  0.1180130
-1.0514252  -3.5040768  0.1179703
-1.0487689  -3.5220208  0.1178313
-1.0472542  -3.5320385  0.1177226
-1.0457176  -3.5420304  0.1175808
-1.0441151  -3.5520739  0.1174533
-1.0424906  -3.5620400  0.1173916
-1.0408661  -3.5719544  0.1174123
-1.0391978  -3.5819205  0.1175931
-1.0375514  -3.5918091  0.1178157
-1.0359269  -3.6016977  0.1181022
-1.0342805  -3.6115605  0.1185391
-1.0313608  -3.6290140  0.1192555
-1.0295827  -3.6386960  0.1195796
-1.0278046  -3.6483523  0.1197901
-1.0260045  -3.6580601  0.1198909
-1.0242044  -3.6677680  0.1199196
-1.0223604  -3.6774501  0.1197709
-1.0205164  -3.6870805  0.1194870
-1.0186505  -3.6966851  0.1191214
-1.0167406  -3.7062897  0.1187540
-1.0147869  -3.7158943  0.1183422
-1.0116477  -3.7331154  0.1177926
-1.0099793  -3.7428233  0.1175592
-1.0082671  -3.7525312  0.1174243
-1.0065328  -3.7622649  0.1174265
-1.0047986  -3.7719727  0.1175377
-1.0030644  -3.7816806  0.1177696
-1.0013741  -3.7914143  0.1180166
-0.9996398  -3.8011738  0.1182628
-0.9979276  -3.8109849  0.1185850
-0.9962592  -3.8207961  0.1188281
-0.9944811  -3.8316658  0.1190350
-0.9914955  -3.8492742  0.1192589
-0.9898272  -3.8586465  0.1193514
-0.9881588  -3.8680445  0.1194130
-0.9865124  -3.8774167  0.1194126
-0.9848660  -3.8868148  0.1193324
-0.9831757  -3.8961612  0.1193019
-0.9815073  -3.9055076  0.1192861
-0.9797511  -3.9148024  0.1193729
-0.9779949  -3.9240713  0.1194243
-0.9749655  -3.9408794  0.1195744
-0.9733191  -3.9503549  0.1196623
-0.9716507  -3.9598045  0.1197986
-0.9699824  -3.9692542  0.1199150
-0.9682920  -3.9786523  0.1200368
-0.9666237  -3.9879987  0.1201420
-0.9649114  -3.9973451  0.1202856
-0.9631772  -4.0066915  0.1203962
-0.9614429  -4.0160121  0.1204481
-0.9597526  -4.0253327  0.1203969
-0.9568549  -4.0419858  0.1203313
-0.9553622  -4.0513064  0.1201682
-0.9538035  -4.0606270  0.1200384
-0.9522669  -4.0699734  0.1198420
-0.9506863  -4.0793456  0.1196612
-0.9491058  -4.0887695  0.1195046
-0.9475252  -4.0981934  0.1193733
-0.9459007  -4.1076430  0.1193063
-0.9442763  -4.1171444  0.1191942
-0.9426299  -4.1267231  0.1191779
-0.9396444  -4.1438926  0.1195419
-0.9380638  -4.1534714  0.1197575
-0.9364832  -4.1630760  0.1200126
-0.9349027  -4.1727322  0.1201920
-0.9333441  -4.1824401  0.1203312
-0.9317854  -4.1921738  0.1204076
-0.9301390  -4.2019333  0.1204556
-0.9284268  -4.2116928  0.1204191
-0.9265608  -4.2214782  0.1202428
-0.9246949  -4.2312377  0.1200463
-0.9222582  -4.2421590  0.1197862
-0.9186800  -4.2597158  0.1195404
-0.9170555  -4.2689589  0.1192098
-0.9153213  -4.2782021  0.1190707
-0.9135651  -4.2873678  0.1189638
-0.9117650  -4.2965334  0.1190080
-0.9099869  -4.3056733  0.1190748
-0.9081648  -4.3147615  0.1190963
-0.9063428  -4.3238497  0.1192041
-0.9044769  -4.3328863  0.1192838
-0.9008108  -4.3493329  0.1194339
-0.8988132  -4.3585502  0.1194793
-0.8968155  -4.3677933  0.1194630
-0.8947959  -4.3769848  0.1194136
-0.8927544  -4.3862021  0.1193187
-0.8907128  -4.3954195  0.1191950
-0.8886932  -4.4046368  0.1190806
-0.8866516  -4.4138283  0.1190035
-0.8845881  -4.4230714  0.1189595
-0.8825246  -4.4323145  0.1189220
-0.8787049  -4.4489160  0.1189068
-0.8765975  -4.4582883  0.1189081
-0.8745120  -4.4676605  0.1189877
-0.8724266  -4.4770585  0.1190922
-0.8703631  -4.4864566  0.1191929
-0.8682995  -4.4959063  0.1192259
-0.8662141  -4.5054076  0.1193064
-0.8640847  -4.5149347  0.1193412
-0.8619334  -4.5245135  0.1193548
-0.8597601  -4.5340665  0.1192655
-0.8559185  -4.5509520  0.1188280
-0.8539208  -4.5603242  0.1187605
-0.8519012  -4.5696448  0.1186262
-0.8498158  -4.5789654  0.1186177
-0.8476425  -4.5882601  0.1185435
-0.8454253  -4.5975549  0.1185210
-0.8431423  -4.6068497  0.1185857
-0.8408592  -4.6160928  0.1187123
-0.8385323  -4.6253101  0.1188286
-0.8361615  -4.6345016  0.1189154
-0.8319027  -4.6509998  0.1192335
-0.8296416  -4.6601913  0.1194856
-0.8273806  -4.6693570  0.1196980
-0.8251195  -4.6785743  0.1198183
-0.8228145  -4.6878433  0.1198689
-0.8205534  -4.6971122  0.1199015
-0.8182923  -4.7063812  0.1199037
-0.8160312  -4.7157276  0.1198777
-0.8137263  -4.7250998  0.1197929
-0.8114432  -4.7345495  0.1197407
-0.8071186  -4.7515383  0.1195803
-0.8047697  -4.7609621  0.1194657
-0.8023989  -4.7704376  0.1193892
-0.8000281  -4.7799390  0.1193859
-0.7976572  -4.7894661  0.1194152
-0.7976572  -4.7894661  0.1194152
-0.7928936  -4.8085720  0.1195040
-0.7905008  -4.8181508  0.1196734
-0.7881080  -4.8277554  0.1197613
-0.7856932  -4.8373600  0.1198926
-0.7824224  -4.8483588  0.1199645
-0.7772197  -4.8660189  0.1202456
-0.7745854  -4.8753395  0.1204144
-0.7718633  -4.8846342  0.1206282
-0.7691412  -4.8939290  0.1207741
-0.7663533  -4.9032496  0.1208143
-0.7635215  -4.9125960  0.1209205
-0.7606238  -4.9219424  0.1209701
-0.7576602  -4.9313146  0.1209993
-0.7545869  -4.9407127  0.1209426
-0.7489671  -4.9577789  0.1207750
-0.7458938  -4.9674093  0.1208333
-0.7427546  -4.9770656  0.1209475
-0.7395496  -4.9867218  0.1210526
-0.7363007  -4.9964297  0.1212375
-0.7330298  -5.0061375  0.1214598
-0.7297808  -5.0158712  0.1218539
-0.7264880  -5.0256049  0.1222284
-0.7231513  -5.0353644  0.1225947
-0.7198145  -5.0452014  0.1229905
-0.7140630  -5.0627065  0.1237450
-0.7110117  -5.0724660  0.1241754
-0.7079164  -5.0821997  0.1244819
-0.7048211  -5.0919592  0.1247975
-0.7017478  -5.1016929  0.1250605
-0.6986745  -5.1114266  0.1253487
-0.6955573  -5.1211603  0.1256654
-0.6923962  -5.1308166  0.1260498
-0.6891911  -5.1404212  0.1263472
-0.6859642  -5.1500257  0.1267116
-0.6797956  -5.1671953  0.1266021
-0.6765027  -5.1768257  0.1265473
-0.6732538  -5.1864303  0.1264273
-0.6700049  -5.1960349  0.1264334
-0.6666681  -5.2055620  0.1263926
-0.6632655  -5.2151150  0.1265448
-0.6597971  -5.2246163  0.1266798
-0.6563725  -5.2341434  0.1269263
-0.6529480  -5.2436706  0.1270712
-0.6495454  -5.2531977  0.1271515
-0.6432451  -5.2702898  0.1274462
-0.6397766  -5.2798427  0.1275455
-0.6363082  -5.2894215  0.1276674
-0.6327958  -5.2989486  0.1276688
-0.6293054  -5.3085016  0.1277248
-0.6257711  -5.3180029  0.1277471
-0.6222587  -5.3275042  0.1277738
-0.6187244  -5.3369539  0.1277616
-0.6151462  -5.3463778  0.1278349
-0.6115680  -5.3558016  0.1279772
-0.6049384  -5.3726613  0.1282869
-0.6012065  -5.3822401  0.1284245
-0.5974966  -5.3918705  0.1286638
-0.5938305  -5.4015009  0.1288944
-0.5901426  -5.4111830  0.1291556
-0.5864107  -5.4208650  0.1293840
-0.5827447  -5.4305729  0.1295042
-0.5791006  -5.4402550  0.1297298
-0.5754785  -5.4499887  0.1299088
-0.5718344  -5.4596965  0.1300035
-0.5652707  -5.4768402  0.1302501
-0.5617583  -5.4863674  0.1303289
-0.5582020  -5.4958687  0.1304437
-0.5546238  -5.5052925  0.1304987
-0.5510236  -5.5146906  0.1304885
-0.5474235  -5.5240112  0.1304093
-0.5438014  -5.5333834  0.1304101
-0.5402012  -5.5426265  0.1302946
-0.5365132  -5.5518697  0.1301418
-0.5328252  -5.5610870  0.1299980
-0.5260420  -5.5775077  0.1297366
-0.5222442  -5.5868800  0.1296237
-0.5184465  -5.5962264  0.1295949
-0.5146488  -5.6055211  0.1295354
-0.5108071  -5.6148417  0.1296994
-0.5069874  -5.6240849  0.1298489
-0.5031458  -5.6333538  0.1300830
-0.4993261  -5.6425970  0.1302506
-0.4955064  -5.6518401  0.1302883
-0.4917526  -5.6611090  0.1302882
-0.4851230  -5.6775298  0.1302645
-0.4815008  -5.6867471  0.1301188
-0.4778568  -5.6959386  0.1299610
-0.4741907  -5.7050527  0.1297360
-0.4705467  -5.7141925  0.1295138
-0.4669026  -5.7232807  0.1292527
-0.4632366  -5.7323690  0.1289627
-0.4595266  -5.7414572  0.1287269
-0.4557509  -5.7504679  0.1285304
-0.4519312  -5.7595045  0.1283471
-0.4446650  -5.7755122  0.1282485
-0.4405160  -5.7845488  0.1281916
-0.4362133  -5.7936112  0.1281784
-0.4319327  -5.8026477  0.1282126
-0.4275422  -5.8117618  0.1282613
-0.4231298  -5.8208758  0.1282875
-0.4186296  -5.8299899  0.1282453
-0.4140416  -5.8390781  0.1283061
-0.4094096  -5.8482179  0.1283487
-0.4047119  -5.8573836  0.1283753
-0.3995531  -5.8673239  0.1283839
-0.3910136  -5.8838479  0.1285563
-0.3864256  -5.8928587  0.1287267
-0.3817717  -5.9018694  0.1289216
-0.3770520  -5.9109060  0.1290499
-0.3722884  -5.9198909  0.1292049
-0.3675028  -5.9288759  0.1293566
-0.3627172  -5.9378608  0.1295633
-0.3579096  -5.9467941  0.1296676
-0.3530582  -5.9557533  0.1297339
-0.3443870  -5.9717093  0.1297655
-0.3395136  -5.9807459  0.1298540
-0.3346622  -5.9898083  0.1299184
-0.3298107  -5.9987674  0.1299104
-0.3249374  -6.0077523  0.1299431
-0.3200859  -6.0167115  0.1300383
-0.3152345  -6.0256190  0.1301913
-0.3103830  -6.0345265  0.1303509
-0.3054876  -6.0433823  0.1305158
-0.3005923  -6.0522123  0.1307430
-0.2916358  -6.0677553  0.1311025
-0.2865209  -6.0765078  0.1312351
-0.2813621  -6.0852088  0.1312924
-0.2761814  -6.0938839  0.1313724
-0.2710226  -6.1025332  0.1313851
-0.2657980  -6.1111050  0.1313585
-0.2605733  -6.1196511  0.1312936
-0.2552609  -6.1281454  0.1311619
-0.2499484  -6.1366140  0.1310081
-0.2445701  -6.1450568  0.1308416
-0.2350209  -6.1599542  0.1302834
-0.2295548  -6.1684486  0.1299412
-0.2239789  -6.1768139  0.1296638
-0.2183591  -6.1851792  0.1294959
-0.2126296  -6.1934928  0.1293340
-0.2068781  -6.2017290  0.1292825
-0.2010168  -6.2099652  0.1292423
-0.1951336  -6.2181756  0.1293290
-0.1892065  -6.2263602  0.1294557
-0.1832355  -6.2345706  0.1295947
-0.1724350  -6.2491582  0.1298327
-0.1663103  -6.2573686  0.1299744
-0.1601417  -6.2656306  0.1301171
-0.1539512  -6.2739184  0.1302031
-0.1477168  -6.2822579  0.1302185
-0.1414384  -6.2906232  0.1301629
-0.1351601  -6.2990401  0.1300989
-0.1288159  -6.3074054  0.1299976
-0.1224717  -6.3157965  0.1298111
-0.1160616  -6.3242135  0.1296674
-0.1048001  -6.3388786  0.1295269
-0.0984120  -6.3470373  0.1293594
-0.0920239  -6.3551702  0.1292104
-0.0856577  -6.3633548  0.1289972
-0.0792696  -6.3715135  0.1288742
-0.0728815  -6.3796723  0.1288035
-0.0664714  -6.3878310  0.1287067
-0.0600394  -6.3960156  0.1285430
-0.0535855  -6.4042001  0.1284535
-0.0471315  -6.4123847  0.1283390
-0.0353870  -6.4267658  0.1282829
-0.0285379  -6.4347696  0.1281849
-0.0216449  -6.4427992  0.1280445
-0.0147519  -6.4508289  0.1279190
-0.0077931  -6.4588844  0.1277892
-0.0007683  -6.4669140  0.1276119
0.0063442  -6.4749695  0.1273911
0.0134348  -6.4830249  0.1271874
0.0205693  -6.4910288  0.1268914
0.0277038  -6.4990584  0.1265907
0.0403702  -6.5128457  0.1260380
0.0476584  -6.5202815  0.1259788
0.0549685  -6.5276140  0.1258830
0.0622566  -6.5349724  0.1258016
0.0695667  -6.5422533  0.1257106
0.0769427  -6.5495084  0.1256840
0.0843406  -6.5566344  0.1257338
0.0917385  -6.5637345  0.1258701
0.0992242  -6.5707831  0.1260137
0.1067758  -6.5777800  0.1261835
0.1199911  -6.5905086  0.1265416
0.1275207  -6.5976088  0.1267922
0.1351162  -6.6046832  0.1270099
0.1427995  -6.6116801  0.1272079
0.1505047  -6.6187028  0.1272981
0.1582538  -6.6257255  0.1274053
0.1660030  -6.6327224  0.1274438
0.1739278  -6.6397193  0.1274748
0.1818745  -6.6467162  0.1274709
0.1899090  -6.6537131  0.1274814
0.2041121  -6.6661836  0.1273371
0.2122564  -6.6729739  0.1272790
0.2204885  -6.6798159  0.1272577
0.2287645  -6.6866321  0.1274112
0.2370844  -6.6934482  0.1275803
0.2454702  -6.7002644  0.1278393
0.2538779  -6.7070547  0.1281166
0.2623515  -6.7138709  0.1284561
0.2708031  -6.7207129  0.1287968
0.2793864  -6.7275290  0.1291557
0.2881893  -6.7357394  0.1294002
0.3032924  -6.7484681  0.1297357
0.3116782  -6.7550261  0.1300118
0.3202396  -6.7615324  0.1301835
0.3288229  -6.7679613  0.1303958
0.3374941  -6.7743902  0.1305492
0.3461652  -6.7807416  0.1307458
0.3549242  -6.7870156  0.1308541
0.3637270  -6.7932379  0.1310964
0.3725957  -6.7993311  0.1312204
0.3883135  -6.8105881  0.1316389
0.3973579  -6.8168363  0.1316755
0.4064022  -6.8230070  0.1318358
0.4153807  -6.8291002  0.1318212
0.4243372  -6.8351935  0.1318840
0.4332059  -6.8413125  0.1318748
0.4420746  -6.8473541  0.1318129
0.4509214  -6.8533699  0.1318296
0.4597243  -6.8593340  0.1318027
0.4685491  -6.8652466  0.1317409
0.4845523  -6.8760130  0.1317103
0.4936625  -6.8818222  0.1318508
0.5028385  -6.8875798  0.1320606
0.5120146  -6.8933374  0.1322606
0.5212125  -6.8990434  0.1324737
0.5304544  -6.9047751  0.1325725
0.5397622  -6.9105069  0.1327567
0.5490919  -6.9162387  0.1328934
0.5585972  -6.9219188  0.1329639
0.5680806  -6.9276248  0.1330857
0.5848083  -6.9376941  0.1329296
0.5943575  -6.9432452  0.1329353
0.6039287  -6.9487704  0.1328212
0.6136096  -6.9542182  0.1327369
0.6233345  -6.9596143  0.1326092
0.6331910  -6.9648555  0.1325588
0.6431354  -6.9700193  0.1325414
0.6531237  -6.9750539  0.1325579
0.6631778  -6.9800370  0.1326507
0.6733198  -6.9849425  0.1327115
0.6838569  -6.9909325  0.1327276
0.7015943  -7.0000982  0.1331143
0.7113850  -7.0046423  0.1331752
0.7212196  -7.0092122  0.1333553
0.7310762  -7.0138080  0.1333409
0.7409766  -7.0184295  0.1333738
0.7508771  -7.0231027  0.1332858
0.7607995  -7.0278276  0.1331888
0.7707659  -7.0325782  0.1330368
0.7807322  -7.0374063  0.1328660
0.7982501  -7.0460556  0.1325538
0.8081725  -7.0505739  0.1325190
0.8181389  -7.0550922  0.1324458
0.8281491  -7.0596363  0.1324980
0.8382032  -7.0641288  0.1326744
0.8483013  -7.0686471  0.1328777
0.8584213  -7.0730879  0.1331978
0.8685632  -7.0775288  0.1335971
0.8787051  -7.0818921  0.1341188
0.8888910  -7.0862039  0.1346871
0.9070675  -7.0942077  0.1353867
0.9172972  -7.0985969  0.1358426
0.9275270  -7.1029603  0.1361161
0.9377567  -7.1071946  0.1363857
0.9480743  -7.1113772  0.1364848
0.9584138  -7.1155340  0.1364103
0.9687533  -7.1195876  0.1363343
0.9791367  -7.1235637  0.1361851
0.9895641  -7.1274881  0.1360686
1.0000133  -7.1313868  0.1359636
1.0181459  -7.1386419  0.1360042
1.0282440  -7.1426438  0.1360882
1.0383200  -7.1465941  0.1363178
1.0483742  -7.1506218  0.1366538
1.0583625  -7.1547012  0.1372022
1.0683288  -7.1588322  0.1378591
1.0783610  -7.1630148  0.1386826
1.0884371  -7.1671458  0.1397636
1.0985132  -7.1713285  0.1410243
1.1086112  -7.1755369  0.1423745
1.1267438  -7.1835666  0.1444336
1.1369077  -7.1879816  0.1456027
1.1471594  -7.1924741  0.1466346
1.1574989  -7.1969149  0.1477268
1.1679921  -7.2014848  0.1486232
1.1785950  -7.2058999  0.1493044
1.1893077  -7.2104181  0.1498854
1.2000204  -7.2149364  0.1503790
1.2108429  -7.2194031  0.1506776
1.2216654  -7.2238439  0.1510637
1.2406980  -7.2319768  0.1515479
1.2511911  -7.2364693  0.1519867
1.2617502  -7.2409360  0.1525189
1.2722653  -7.2453252  0.1531939
1.2827366  -7.2497144  0.1540292
1.2931419  -7.2540777  0.1550091
1.3035253  -7.2583895  0.1559685
1.3138868  -7.2625979  0.1569894
1.3241166  -7.2667290  0.1579743
1.3343244  -7.2709116  0.1587787
1.3460469  -7.2758688  0.1595476
1.3648600  -7.2835628  0.1602569
1.3748483  -7.2876164  0.1604023
1.3847707  -7.2915925  0.1604476
1.3946931  -7.2955169  0.1603538
1.4045497  -7.2993639  0.1602374
1.4144062  -7.3031335  0.1601941
1.4242189  -7.3068772  0.1602395
1.4339657  -7.3105693  0.1603777
1.4437125  -7.3142614  0.1606491
1.4613182  -7.3212841  0.1613981
1.4711967  -7.3253893  0.1619216
1.4809874  -7.3294686  0.1624021
1.4907782  -7.3335738  0.1629491
1.5005250  -7.3376532  0.1634552
1.5102279  -7.3417068  0.1637944
1.5198649  -7.3457345  0.1641377
1.5294800  -7.3497622  0.1642991
1.5390073  -7.3537383  0.1644408
1.5485126  -7.3576628  0.1645173
1.5655476  -7.3645822  0.1643967
1.5750968  -7.3685325  0.1643249
1.5846460  -7.3723278  0.1642298
1.5941953  -7.3760199  0.1642477
1.6037445  -7.3796346  0.1641390
1.6133157  -7.3831201  0.1639730
1.6229308  -7.3865798  0.1637284
1.6325459  -7.3899879  0.1633796
1.6422049  -7.3933702  0.1630582
1.6518419  -7.3967266  0.1627446
1.6692940  -7.4029489  0.1621326
1.6791725  -7.4067185  0.1619472
1.6890949  -7.4105397  0.1616778
1.6990393  -7.4144641  0.1615421
1.7090276  -7.4183886  0.1614302
1.7190378  -7.4223647  0.1614339
1.7291578  -7.4263666  0.1615107
1.7393436  -7.4304201  0.1617218
1.7496173  -7.4344220  0.1620086
1.7599568  -7.4384240  0.1624275
1.7781333  -7.4451368  0.1630684
1.7882313  -7.4489064  0.1634024
1.7984611  -7.4526759  0.1635586
1.8088006  -7.4563422  0.1636869
1.8190523  -7.4600343  0.1637321
1.8294357  -7.4636747  0.1637994
1.8397094  -7.4673410  0.1636605
1.8500928  -7.4710073  0.1634601
1.8604543  -7.4746477  0.1632771
1.8708597  -7.4782624  0.1631973
1.8894532  -7.4842265  0.1632907
1.8998586  -7.4874280  0.1633267
1.9102640  -7.4906037  0.1634382
1.9206693  -7.4937020  0.1636222
1.9310308  -7.4967486  0.1638568
1.9414801  -7.4997178  0.1640400
1.9518635  -7.5026353  0.1641716
1.9622469  -7.5056045  0.1642303
1.9725645  -7.5084445  0.1643153
1.9829918  -7.5112846  0.1643190
2.0015415  -7.5161385  0.1645049
2.0118810  -7.5189011  0.1643914
2.0222205  -7.5215863  0.1644512
2.0325600  -7.5242198  0.1641606
2.0428996  -7.5267759  0.1641595
2.0531952  -7.5293577  0.1640383
2.0635127  -7.5319138  0.1639914
2.0738962  -7.5344182  0.1639957
2.0842357  -7.5368452  0.1640493
2.0946191  -7.5392722  0.1641633
2.1132346  -7.5435839  0.1644029
2.1238815  -7.5460109  0.1644132
2.1345722  -7.5483345  0.1644890
2.1453508  -7.5506841  0.1646007
2.1561513  -7.5529303  0.1648985
2.1670177  -7.5550991  0.1651416
2.1780157  -7.5571129  0.1654374
2.1890138  -7.5591526  0.1657867
2.2001217  -7.5611407  0.1660523
2.2112515  -7.5630771  0.1664676
2.2309427  -7.5662528  0.1670299
2.2418090  -7.5680859  0.1672976
2.2527193  -7.5698932  0.1675438
2.2636954  -7.5715973  0.1677153
2.2747813  -7.5732239  0.1679126
2.2858233  -7.5748763  0.1681814
2.2968872  -7.5764254  0.1684415
2.3079731  -7.5779745  0.1687873
2.3190810  -7.5794462  0.1690567
2.3301888  -7.5809178  0.1694100
2.3498581  -7.5833190  0.1700692
2.3607903  -7.5845841  0.1704441
2.3717664  -7.5857201  0.1707914
2.3827865  -7.5868562  0.1710707
2.3937406  -7.5879147  0.1713174
2.4047607  -7.5889475  0.1714233
2.4158027  -7.5899802  0.1714860
2.4268666  -7.5909355  0.1714192
2.4379086  -7.5918908  0.1713418
2.4489506  -7.5927687  0.1712036
2.4615512  -7.5938530  0.1711441
2.4820326  -7.5952214  0.1709488
2.4928551  -7.5958153  0.1706949
2.5036995  -7.5963316  0.1704528
2.5144561  -7.5967964  0.1702619
2.5252347  -7.5971836  0.1701698
2.5359913  -7.5975451  0.1701148
2.5467479  -7.5978808  0.1700302
2.5574606  -7.5981131  0.1700100
2.5681514  -7.5983713  0.1699164
2.5875791  -7.5987844  0.1699388
2.5985333  -7.5989135  0.1698524
2.6095533  -7.5988877  0.1697885
2.6205734  -7.5988360  0.1696867
2.6315715  -7.5987328  0.1695867
2.6425695  -7.5985778  0.1694439
2.6536115  -7.5983455  0.1693351
2.6646755  -7.5980615  0.1692595
2.6757394  -7.5976742  0.1694189
2.6868473  -7.5972869  0.1695879
2.7065384  -7.5966156  0.1703625
2.7174926  -7.5961508  0.1706331
2.7285127  -7.5956861  0.1710807
2.7395327  -7.5951697  0.1714346
2.7506625  -7.5946275  0.1717352
2.7618581  -7.5940337  0.1719917
2.7730758  -7.5934657  0.1721397
2.7843592  -7.5928977  0.1721691
2.7956866  -7.5922780  0.1722084
2.8070798  -7.5916325  0.1722159
2.8272759  -7.5903674  0.1724629
2.8385813  -7.5895670  0.1724366
2.8498648  -7.5887150  0.1725466
2.8611921  -7.5879146  0.1726523
2.8724756  -7.5871142  0.1728684
2.8837591  -7.5862622  0.1731377
2.8950645  -7.5852553  0.1734503
2.9063699  -7.5842483  0.1738630
2.9176314  -7.5831123  0.1742351
2.9288490  -7.5819246  0.1745259
2.9489573  -7.5796526  0.1748813
2.9601529  -7.5782325  0.1749061
2.9713266  -7.5767092  0.1749210
2.9824564  -7.5750310  0.1748625
2.9935204  -7.5731979  0.1747384
3.0045624  -7.5713647  0.1746342
3.0155385  -7.5694541  0.1743978
3.0264927  -7.5675177  0.1741040
3.0374469  -7.5655555  0.1736647
3.0483132  -7.5635932  0.1733036
3.0678727  -7.5606757  0.1729364
3.0788927  -7.5590491  0.1726860
3.0898908  -7.5574225  0.1725047
3.1008889  -7.5558218  0.1724049
3.1118650  -7.5542210  0.1723928
3.1227972  -7.5526202  0.1723878
3.1337295  -7.5509936  0.1723648
3.1445958  -7.5493670  0.1723559
3.1554842  -7.5477405  0.1722605
3.1663505  -7.5460881  0.1722490
3.1856466  -7.5430414  0.1720504
3.1964910  -7.5412341  0.1719559
3.2073135  -7.5393493  0.1718429
3.2181579  -7.5374129  0.1717377
3.2290023  -7.5353474  0.1716864
3.2398687  -7.5332561  0.1716061
3.2507350  -7.5311131  0.1715459
3.2616234  -7.5289443  0.1715090
3.2725995  -7.5266723  0.1714866
3.2835756  -7.5243228  0.1715595
3.3030912  -7.5202692  0.1720321
3.3139136  -7.5178939  0.1723171
3.3248239  -7.5155185  0.1724654
3.3357561  -7.5130657  0.1726137
3.3467762  -7.5106130  0.1728704
3.3578182  -7.5081085  0.1731215
3.3689260  -7.5055525  0.1733019
3.3800778  -7.5029448  0.1734447
3.3912295  -7.5003629  0.1734711
3.4023593  -7.4977294  0.1734992
3.4221163  -7.4931852  0.1733741
3.4331803  -7.4906034  0.1732868
3.4442003  -7.4879956  0.1732315
3.4550886  -7.4853363  0.1730809
3.4660428  -7.4826511  0.1728964
3.4768872  -7.4799402  0.1726920
3.4877097  -7.4771776  0.1725089
3.4985322  -7.4743633  0.1724016
3.5092888  -7.4715490  0.1722135
3.5200454  -7.4686832  0.1721205
3.5388365  -7.4633645  0.1720438
3.5491102  -7.4601888  0.1719410
3.5594058  -7.4570389  0.1718400
3.5696794  -7.4538890  0.1715977
3.5799092  -7.4506874  0.1714403
3.5901389  -7.4475117  0.1711544
3.6003906  -7.4442844  0.1709110
3.6106423  -7.4410828  0.1705637
3.6208721  -7.4378296  0.1702518
3.6208721  -7.4378296  0.1702518
3.6618350  -7.4256690  0.1697667
3.6718453  -7.4225191  0.1698638
3.6817677  -7.4193434  0.1701077
3.6916901  -7.4161418  0.1704799
3.7015906  -7.4128112  0.1709025
3.7114252  -7.4094289  0.1714578
3.7213037  -7.4060208  0.1719759
3.7312261  -7.4025611  0.1725028
3.7411705  -7.3990756  0.1728259
3.7591933  -7.3926467  0.1728564
3.7692035  -7.3890837  0.1728581
3.7793016  -7.3854432  0.1727308
3.7894655  -7.3817253  0.1725208
3.7996952  -7.3779299  0.1723096
3.8099689  -7.3741604  0.1721180
3.8203303  -7.3703392  0.1720013
3.8307577  -7.3664922  0.1720052
3.8412069  -7.3626194  0.1721150
3.8517001  -7.3586949  0.1724103
3.8707986  -7.3518271  0.1732031
3.8814893  -7.3479543  0.1735635
3.8922240  -7.3440298  0.1738665
3.9029147  -7.3401054  0.1742351
3.9136055  -7.3361293  0.1745192
3.9242743  -7.3320757  0.1747163
3.9349650  -7.3279189  0.1746999
3.9455899  -7.3237620  0.1746162
3.9561490  -7.3195536  0.1744452
3.9666641  -7.3152935  0.1742194
3.9852138  -7.3076253  0.1737177
3.9953996  -7.3033393  0.1735986
4.0055635  -7.2990534  0.1734529
4.0157054  -7.2947417  0.1734358
4.0257157  -7.2904299  0.1733583
4.0357479  -7.2861182  0.1733777
4.0456703  -7.2818064  0.1733007
4.0556366  -7.2774431  0.1732648
4.0655371  -7.2731055  0.1730536
4.0753936  -7.2686388  0.1728773
4.0868966  -7.2637333  0.1726184
4.1052707  -7.2556261  0.1721186
4.1149955  -7.2512369  0.1718112
4.1246984  -7.2468219  0.1716186
4.1343794  -7.2423553  0.1715371
4.1440164  -7.2378370  0.1717157
4.1535876  -7.2333187  0.1718892
4.1632027  -7.2287487  0.1722661
4.1726860  -7.2241013  0.1726719
4.1821914  -7.2194281  0.1730664
4.1990507  -7.2110628  0.1740038
4.2084024  -7.2064413  0.1744613
4.2177540  -7.2018197  0.1747460
4.2270837  -7.1972240  0.1748809
4.2364354  -7.1925249  0.1747982
4.2458529  -7.1877484  0.1746720
4.2552924  -7.1829720  0.1744039
4.2647319  -7.1781697  0.1740452
4.2742372  -7.1733157  0.1735820
4.2837425  -7.1684101  0.1730789
4.3013043  -7.1593735  0.1726105
4.3111609  -7.1543131  0.1722822
4.3210614  -7.1491751  0.1721883
4.3309179  -7.1440113  0.1721458
4.3407964  -7.1388218  0.1722823
4.3506530  -7.1336580  0.1725172
4.3604876  -7.1284684  0.1728430
4.3703222  -7.1232530  0.1732774
4.3801349  -7.1180118  0.1738061
4.3899036  -7.1128222  0.1741190
4.4072459  -7.1038372  0.1743950
4.4168830  -7.0988284  0.1743673
4.4264541  -7.0937679  0.1743059
4.4360473  -7.0886816  0.1741168
4.4455965  -7.0835436  0.1737235
4.4551677  -7.0784057  0.1732286
4.4646291  -7.0732678  0.1726068
4.4741784  -7.0681040  0.1719496
4.4836398  -7.0629402  0.1713446
4.4931671  -7.0577506  0.1708196
4.5102459  -7.0481719  0.1704776
4.5197732  -7.0427757  0.1703684
4.5292785  -7.0373021  0.1704529
4.5387180  -7.0318027  0.1706612
4.5481355  -7.0262000  0.1710619
4.5575091  -7.0205973  0.1715532
4.5667949  -7.0149172  0.1720840
4.5759929  -7.0091854  0.1726712
4.5851690  -7.0033762  0.1731370
4.5943231  -6.9974637  0.1735677
4.6105458  -6.9871620  0.1738365
4.6195462  -6.9814560  0.1737994
4.6285027  -6.9756984  0.1735361
4.6375031  -6.9698117  0.1732761
4.6464816  -6.9640025  0.1728263
4.6554601  -6.9580900  0.1723973
4.6644825  -6.9521775  0.1719897
4.6734609  -6.9462391  0.1717030
4.6824614  -6.9403266  0.1714849
4.6914837  -6.9343883  0.1713713
4.7018452  -6.9275979  0.1714116
4.7184850  -6.9168315  0.1718179
4.7272440  -6.9112546  0.1720641
4.7359590  -6.9056261  0.1723543
4.7447399  -6.8999718  0.1725831
4.7534769  -6.8942658  0.1727593
4.7623017  -6.8885599  0.1729067
4.7711046  -6.8828023  0.1729551
4.7799294  -6.8769156  0.1727691
4.7887542  -6.8709773  0.1724556
4.8047135  -6.8602108  0.1717670
4.8135822  -6.8541176  0.1714789
4.8224509  -6.8479985  0.1710254
4.8313196  -6.8418536  0.1706223
4.8401883  -6.8357604  0.1701545
4.8490790  -6.8296413  0.1698928
4.8579696  -6.8235223  0.1696156
4.8668383  -6.8173774  0.1694783
4.8757290  -6.8112067  0.1694286
4.8845977  -6.8049843  0.1694889
4.9003814  -6.7936241  0.1695716
4.9090525  -6.7870144  0.1697252
4.9176359  -6.7803790  0.1699251
4.9261753  -6.7736403  0.1701140
4.9346489  -6.7667983  0.1703152
4.9430346  -6.7598530  0.1705870
4.9513326  -6.7528303  0.1709064
4.9594988  -6.7457301  0.1712536
4.9676211  -6.7386041  0.1717253
4.9756996  -6.7313491  0.1721922
4.9904515  -6.7188011  0.1728959
4.9986616  -6.7118817  0.1730767
5.0068937  -6.7049880  0.1733733
5.0150819  -6.6980686  0.1734513
5.0233360  -6.6911233  0.1734421
5.0315461  -6.6842297  0.1732097
5.0398001  -6.6772586  0.1730064
5.0480542  -6.6703392  0.1725272
5.0563302  -6.6633681  0.1719958
5.0645403  -6.6563970  0.1713438
5.0794020  -6.6437974  0.1702418
5.0876561  -6.6367489  0.1697651
5.0958662  -6.6296745  0.1693593
5.1040105  -6.6225485  0.1690525
5.1121548  -6.6153967  0.1690074
5.1202551  -6.6082707  0.1691381
5.1283555  -6.6011447  0.1693875
5.1363681  -6.5939671  0.1696826
5.1444465  -6.5868153  0.1700258
5.1525250  -6.5796377  0.1704154
5.1666622  -6.5665733  0.1710538
5.1744992  -6.5591892  0.1713450
5.1823361  -6.5517275  0.1714164
5.1902170  -6.5442659  0.1713280
5.1980978  -6.5367526  0.1711881
5.2059787  -6.5292135  0.1709963
5.2138376  -6.5216486  0.1706442
5.2216745  -6.5139288  0.1703458
5.2294895  -6.5062606  0.1700415
5.2373045  -6.4984891  0.1697878
5.2512223  -6.4844953  0.1695813
5.2588836  -6.4765689  0.1694855
5.2664791  -6.4685651  0.1695917
5.2740307  -6.4605096  0.1697240
5.2815603  -6.4524283  0.1699395
5.2890899  -6.4443729  0.1700095
5.2965537  -6.4361883  0.1701699
5.3039516  -6.4280037  0.1703269
5.3113275  -6.4197417  0.1705094
5.3186596  -6.4114022  0.1708131
5.3318968  -6.3967888  0.1710959
5.3393606  -6.3886817  0.1711884
5.3468243  -6.3805746  0.1713045
5.3542003  -6.3724416  0.1713349
5.3615104  -6.3642312  0.1714377
5.3687546  -6.3560209  0.1715014
5.3759330  -6.3478105  0.1715199
5.3830894  -6.3395743  0.1714143
5.3901800  -6.3313381  0.1712086
5.3972706  -6.3231019  0.1709868
5.4098273  -6.3084626  0.1704499
5.4168081  -6.3002006  0.1700509
5.4237230  -6.2918869  0.1696462
5.4306599  -6.2835474  0.1692022
5.4375969  -6.2752338  0.1688686
5.4444899  -6.2669201  0.1685543
5.4513829  -6.2585290  0.1683140
5.4582759  -6.2501379  0.1682180
5.4651250  -6.2417209  0.1682269
5.4719741  -6.2332524  0.1683512
5.4843332  -6.2179160  0.1687873
5.4912042  -6.2093700  0.1690002
5.4981192  -6.2007465  0.1692031
5.5050561  -6.1921230  0.1693948
5.5120369  -6.1833704  0.1695079
5.5189958  -6.1745404  0.1696255
5.5259327  -6.1657103  0.1695130
5.5330013  -6.1568287  0.1693371
5.5401138  -6.1479212  0.1689863
5.5471825  -6.1389104  0.1686935
5.5552170  -6.1288927  0.1683781
5.5678834  -6.1128076  0.1678165
5.5744471  -6.1042099  0.1674761
5.5810109  -6.0956381  0.1672891
5.5875526  -6.0870662  0.1671966
5.5940066  -6.0784169  0.1672231
5.6004386  -6.0697418  0.1673868
5.6068048  -6.0610667  0.1675675
5.6130831  -6.0523657  0.1678966
5.6192297  -6.0436132  0.1683413
5.6303156  -6.0275539  0.1687613
5.6364622  -6.0185431  0.1689435
5.6425211  -6.0095323  0.1690945
5.6485579  -6.0004699  0.1692202
5.6543972  -5.9913559  0.1692951
5.6601487  -5.9822418  0.1692472
5.6658563  -5.9730762  0.1691767
5.6714980  -5.9639363  0.1689479
5.6770519  -5.9546932  0.1685542
5.6825619  -5.9454500  0.1681426
5.6929234  -5.9288227  0.1673924
5.6988505  -5.9194246  0.1669484
5.7046678  -5.9099233  0.1664591
5.7105071  -5.9004736  0.1660860
5.7162806  -5.8909465  0.1657301
5.7219882  -5.8814452  0.1655232
5.7276518  -5.8719180  0.1654019
5.7333375  -5.8623392  0.1654603
5.7389792  -5.8527863  0.1655819
5.7445770  -5.8432075  0.1657706
5.7542580  -5.8260122  0.1661362
5.7596582  -5.8164334  0.1662787
5.7649926  -5.8069063  0.1663431
5.7703709  -5.7972758  0.1664033
5.7757272  -5.7876712  0.1662712
5.7810616  -5.7780150  0.1661258
5.7863960  -5.7683588  0.1658216
5.7917524  -5.7586767  0.1655157
5.7971087  -5.7489172  0.1651470
5.8024431  -5.7391577  0.1648027
5.8118826  -5.7216267  0.1644417
5.8170633  -5.7117639  0.1642689
5.8222879  -5.7019269  0.1640487
5.8275126  -5.6920900  0.1639683
5.8327811  -5.6822530  0.1639157
5.8380496  -5.6724160  0.1639869
5.8433182  -5.6625533  0.1639826
5.8485428  -5.6526905  0.1640552
5.8537455  -5.6428277  0.1640797
5.8589262  -5.6329907  0.1640160
5.8681681  -5.6154081  0.1634297
5.8732610  -5.6054679  0.1630256
5.8783759  -5.5955018  0.1627062
5.8833151  -5.5855615  0.1623144
5.8881666  -5.5755438  0.1618476
5.8929083  -5.5655003  0.1613182
5.8976719  -5.5554568  0.1607893
5.9023916  -5.5454391  0.1602387
5.9070235  -5.5354214  0.1597908
5.9116116  -5.5253521  0.1594502
5.9199315  -5.5076404  0.1590035
5.9245195  -5.4977259  0.1589607
5.9291734  -5.4878373  0.1589075
5.9338053  -5.4778971  0.1588808
5.9384152  -5.4679568  0.1590029
5.9430472  -5.4580682  0.1590166
5.9476352  -5.4480764  0.1591242
5.9521573  -5.4380587  0.1592387
5.9566136  -5.4280151  0.1594503
5.9610260  -5.4179200  0.1596404
5.9688630  -5.4000275  0.1596734
5.9731876  -5.3900357  0.1595573
5.9775122  -5.3799921  0.1593875
5.9818587  -5.3699228  0.1590947
5.9861613  -5.3598018  0.1588831
5.9903981  -5.3496292  0.1585400
5.9945690  -5.3394050  0.1583116
5.9986302  -5.3291033  0.1579788
6.0026694  -5.3188274  0.1576422
6.0067086  -5.3085515  0.1572504
6.0139748  -5.2902460  0.1567318
6.0179482  -5.2799701  0.1565552
6.0218118  -5.2696425  0.1564485
6.0255656  -5.2592117  0.1563882
6.0293414  -5.2487809  0.1563744
6.0331391  -5.2383501  0.1562858
6.0369807  -5.2278161  0.1561227
6.0407785  -5.2173594  0.1558461
6.0444884  -5.2068512  0.1556064
6.0482203  -5.1963429  0.1554542
6.0551572  -5.1777276  0.1553599
6.0591305  -5.1673484  0.1551281
6.0630380  -5.1569951  0.1551221
6.0668797  -5.1467450  0.1550609
6.0706774  -5.1364949  0.1551363
6.0743654  -5.1262965  0.1551018
6.0779216  -5.1160464  0.1549724
6.0814120  -5.1058480  0.1546700
6.0848585  -5.0956754  0.1542327
6.0882831  -5.0855028  0.1535453
6.0921028  -5.0740134  0.1528648
6.0982713  -5.0555271  0.1515047
6.1016739  -5.0456643  0.1506818
6.1050985  -5.0358274  0.1499092
6.1086108  -5.0260420  0.1491524
6.1121671  -5.0162567  0.1486046
6.1157673  -5.0064714  0.1482110
6.1194333  -4.9966602  0.1479948
6.1230773  -4.9868491  0.1479316
6.1267434  -4.9770638  0.1479036
6.1334168  -4.9592746  0.1481225
6.1372146  -4.9493602  0.1480844
6.1410562  -4.9393683  0.1479962
6.1448100  -4.9292989  0.1477938
6.1484980  -4.9192296  0.1475268
6.1520982  -4.9091086  0.1471611
6.1556983  -4.8989618  0.1466900
6.1592546  -4.8887634  0.1461818
6.1627889  -4.8786166  0.1456176
6.1663232  -4.8684440  0.1450449
6.1725576  -4.8503708  0.1442102
6.1761139  -4.8403015  0.1438236
6.1796263  -4.8302580  0.1435534
6.1831386  -4.8201628  0.1433828
6.1866290  -4.8100935  0.1432079
6.1901194  -4.7999983  0.1429720
6.1936098  -4.7899290  0.1426903
6.1970783  -4.7798597  0.1423323
6.2005467  -4.7697387  0.1418873
6.2039274  -4.7596177  0.1413450
6.2100740  -4.7416478  0.1400622
6.2137400  -4.7316818  0.1394289
6.2173841  -4.7217157  0.1386848
6.2209842  -4.7117496  0.1380282
6.2246063  -4.7018094  0.1373776
6.2282065  -4.6918950  0.1369553
6.2318067  -4.6819547  0.1366856
6.2353849  -4.6720145  0.1365600
6.2389411  -4.6621259  0.1364562
6.2425633  -4.6522114  0.1364577
6.2461415  -4.6407737  0.1365838
6.2525296  -4.6228038  0.1368095
6.2562175  -4.6134058  0.1368573
6.2598397  -4.6040335  0.1368129
6.2635057  -4.5947129  0.1367358
6.2671937  -4.5853924  0.1364949
6.2709255  -4.5760718  0.1360347
6.2745696  -4.5667512  0.1353611
6.2781698  -4.5574306  0.1346252
6.2817260  -4.5481358  0.1338906
6.2876970  -4.5312245  0.1327207
6.2911216  -4.5218523  0.1320723
6.2944583  -4.5125317  0.1314796
6.2977950  -4.5031853  0.1310936
6.3010879  -4.4938388  0.1308358
6.3043807  -4.4844666  0.1307422
6.3076077  -4.4750686  0.1308468
6.3108566  -4.4656447  0.1310125
6.3140616  -4.4562467  0.1312588
6.3173325  -4.4467711  0.1313671
6.3231718  -4.4293693  0.1313525
6.3267061  -4.4196098  0.1312595
6.3303063  -4.4098761  0.1309877
6.3339064  -4.4000907  0.1305590
6.3375725  -4.3903829  0.1299822
6.3412165  -4.3806492  0.1293451
6.3449264  -4.3709155  0.1286206
6.3486583  -4.3612334  0.1278840
6.3524122  -4.3514997  0.1271594
6.3561221  -4.3418177  0.1264570
6.3622467  -4.3244932  0.1254958
6.3657152  -4.3150177  0.1249435
6.3692056  -4.3054906  0.1243427
6.3727619  -4.2959893  0.1237076
6.3763181  -4.2864880  0.1230688
6.3798744  -4.2768834  0.1225255
6.3833648  -4.2673046  0.1219470
6.3867674  -4.2576483  0.1214294
6.3901041  -4.2479146  0.1211096
6.3933311  -4.2381810  0.1208946
6.3986435  -4.2202885  0.1207910
6.4016290  -4.2102192  0.1208214
6.4045267  -4.2000982  0.1209314
6.4073585  -4.1899256  0.1211999
6.4100587  -4.1796755  0.1214006
6.4126710  -4.1693996  0.1215566
6.4151516  -4.1590463  0.1216041
6.4175883  -4.1486930  0.1215643
6.4199811  -4.1382622  0.1213637
6.4222860  -4.1278314  0.1209310
6.4265009  -4.1096033  0.1198130
6.4292010  -4.0997147  0.1190617
6.4318791  -4.0898519  0.1182986
6.4345793  -4.0799375  0.1174863
6.4372355  -4.0700230  0.1166947
6.4399576  -4.0600312  0.1161028
6.4426796  -4.0500909  0.1156906
6.4454676  -4.0400732  0.1154867
6.4482335  -4.0300555  0.1154227
6.4510215  -4.0200636  0.1154263
6.4533703  -4.0081870  0.1155929
6.4580023  -3.9894425  0.1158974
6.4608341  -3.9796830  0.1160305
6.4636659  -3.9699493  0.1160935
6.4665417  -3.9602414  0.1160291
6.4694394  -3.9505336  0.1158559
6.4723810  -3.9409032  0.1155133
6.4753884  -3.9312469  0.1149686
6.4784178  -3.9216423  0.1142615
6.4814692  -3.9120377  0.1134607
6.4864962  -3.8942486  0.1117057
6.4892183  -3.8842825  0.1107297
6.4918526  -3.8742648  0.1098124
6.4943990  -3.8642471  0.1090508
6.4968357  -3.8542552  0.1084217
6.4992065  -3.8442375  0.1080616
6.5015554  -3.8341940  0.1078689
6.5037507  -3.8241763  0.1078146
6.5058581  -3.8140812  0.1079029
6.5078118  -3.8039344  0.1080607
6.5112802  -3.7855514  0.1085110
6.5132998  -3.7751464  0.1087184
6.5152316  -3.7647672  0.1087709
6.5170317  -3.7543106  0.1087497
6.5188318  -3.7439056  0.1086109
6.5206319  -3.7335265  0.1083587
6.5223222  -3.7231473  0.1080647
6.5238808  -3.7127423  0.1077055
6.5254614  -3.7023373  0.1073512
6.5270200  -3.6919840  0.1069801
6.5298079  -3.6732654  0.1063617
6.5313884  -3.6627829  0.1060662
6.5329470  -3.6522489  0.1058080
6.5345056  -3.6417406  0.1056475
6.5360642  -3.6312065  0.1054424
6.5376009  -3.6206724  0.1053345
6.5391595  -3.6101642  0.1051922
6.5407181  -3.5996301  0.1050995
6.5422767  -3.5891219  0.1049468
6.5437694  -3.5785878  0.1047521
6.5460964  -3.5597917  0.1043908
6.5473257  -3.5492318  0.1041281
6.5485111  -3.5386719  0.1037943
6.5496307  -3.5280604  0.1033645
6.5507063  -3.5174488  0.1028264
6.5517820  -3.5068890  0.1022802
6.5527698  -3.4963032  0.1016991
6.5537138  -3.4857175  0.1010720
6.5546357  -3.4751060  0.1004608
6.5555138  -3.4644687  0.0998835
6.5570505  -3.4455951  0.0990734
6.5578847  -3.4350094  0.0986564
6.5587408  -3.4243462  0.0983155
6.5596189  -3.4136572  0.0979717
6.5604969  -3.4029166  0.0977905
6.5613750  -3.3921760  0.0975920
6.5621653  -3.3813837  0.0975120
6.5629336  -3.3706173  0.0974883
6.5637019  -3.3598508  0.0975108
6.5644264  -3.3490586  0.0975199
6.5654362  -3.3296428  0.0976143
6.5658752  -3.3187989  0.0975953
6.5662484  -3.3079292  0.0976583
6.5665777  -3.2971370  0.0974664
6.5667752  -3.2862931  0.0973390
6.5669947  -3.2754750  0.0969821
6.5671923  -3.2647085  0.0965417
6.5673240  -3.2538905  0.0959407
6.5674118  -3.2430982  0.0952389
6.5674776  -3.2322543  0.0945074
6.5674996  -3.2129418  0.0932785
6.5673679  -3.2019688  0.0926004
6.5671483  -3.1909700  0.0920598
6.5669069  -3.1799970  0.0916336
6.5665995  -3.1689982  0.0913826
6.5661824  -3.1579994  0.0912715
6.5656775  -3.1469490  0.0913084
6.5651067  -3.1358985  0.0914148
6.5645140  -3.1248481  0.0915079
6.5638994  -3.1137976  0.0915277
6.5626481  -3.0940462  0.0912115
6.5618797  -3.0828925  0.0910377
6.5609797  -3.0717904  0.0907485
6.5601016  -3.0606367  0.0903384
6.5592454  -3.0495346  0.0897313
6.5583893  -3.0384067  0.0890243
6.5576209  -3.0273562  0.0881808
6.5568965  -3.0162283  0.0873046
6.5561940  -3.0051004  0.0863848
6.5554696  -2.9939983  0.0855045
6.5540866  -2.9744019  0.0842480
6.5531646  -2.9632740  0.0835727
6.5522206  -2.9521719  0.0829666
6.5512767  -2.9409923  0.0824177
6.5503108  -2.9298128  0.0820574
6.5493010  -2.9186074  0.0817907
6.5481375  -2.9073763  0.0816638
6.5468862  -2.8961193  0.0815585
6.5455910  -2.8849139  0.0814765
6.5442300  -2.8736569  0.0814207
6.5430884  -2.8615221  0.0812783
6.5403444  -2.8417449  0.0809672
6.5384126  -2.8309784  0.0808263
6.5364369  -2.8202894  0.0806195
6.5342856  -2.8096263  0.0803432
6.5320464  -2.7989889  0.0799687
6.5297414  -2.7883774  0.0794258
6.5273925  -2.7778175  0.0788338
6.5249339  -2.7672576  0.0781429
6.5224093  -2.7567235  0.0774114
6.5182823  -2.7377984  0.0759781
6.5158895  -2.7270835  0.0751150
6.5134308  -2.7163171  0.0744268
6.5109502  -2.7056023  0.0737621
6.5084696  -2.6948617  0.0732875
6.5059232  -2.6841469  0.0729742
6.5033108  -2.6734063  0.0728368
6.5006766  -2.6626656  0.0727911
6.4979764  -2.6519766  0.0727046
6.4951446  -2.6413135  0.0726795
6.4898321  -2.6222592  0.0726793
6.4866051  -2.6114669  0.0725405
6.4833123  -2.6006747  0.0722197
6.4799316  -2.5899599  0.0717654
6.4764193  -2.5792451  0.0711293
6.4728849  -2.5685819  0.0703918
6.4693506  -2.5579446  0.0696040
6.4657504  -2.5472556  0.0687537
6.4620844  -2.5365408  0.0679545
6.4583745  -2.5258260  0.0671779
6.4519424  -2.5069266  0.0661507
6.4482325  -2.4962635  0.0655798
6.4445226  -2.4856003  0.0650093
6.4408565  -2.4748597  0.0644920
6.4372564  -2.4641190  0.0639643
6.4337220  -2.4533268  0.0634186
6.4301877  -2.4425345  0.0628689
6.4266754  -2.4317423  0.0623218
6.4231410  -2.4209500  0.0617557
6.4195628  -2.4101319  0.0612219
6.4161822  -2.3984877  0.0607170
6.4095526  -2.3793043  0.0599494
6.4053377  -2.3689251  0.0595590
6.4010131  -2.3586234  0.0591863
6.3964690  -2.3483475  0.0588755
6.3918151  -2.3380717  0.0586169
6.3870076  -2.3278991  0.0583735
6.3821561  -2.3177264  0.0580494
6.3771510  -2.3076571  0.0576466
6.3721020  -2.2975878  0.0571521
6.3632552  -2.2794630  0.0561196
6.3580306  -2.2692387  0.0554311
6.3526961  -2.2590403  0.0547191
6.3473178  -2.2488419  0.0540235
6.3419395  -2.2386693  0.0533514
6.3364515  -2.2284709  0.0527338
6.3309195  -2.2182466  0.0521647
6.3253656  -2.2079449  0.0517326
6.3197458  -2.1976949  0.0513316
6.3141040  -2.1874448  0.0509925
6.3044231  -2.1689843  0.0502879
6.2988472  -2.1584245  0.0499127
6.2932274  -2.1478904  0.0494887
6.2875857  -2.1373563  0.0489528
6.2819220  -2.1268997  0.0483691
6.2762364  -2.1164431  0.0475700
6.2705946  -2.1059865  0.0465932
6.2648870  -2.0955557  0.0455331
6.2591355  -2.0851249  0.0443584
6.2532962  -2.0747199  0.0431897
6.2428909  -2.0566209  0.0414783
6.2367003  -2.0465516  0.0405392
6.2304220  -2.0364565  0.0396768
6.2240997  -2.0263355  0.0390101
6.2177335  -2.0162403  0.0384358
6.2113454  -2.0061194  0.0380261
6.2048695  -1.9960759  0.0377340
6.1983058  -1.9860582  0.0375362
6.1916323  -1.9760921  0.0374020
6.1849149  -1.9662551  0.0372580
6.1733021  -1.9489566  0.0368366
6.1665848  -1.9393520  0.0365036
6.1598235  -1.9297732  0.0359603
6.1529304  -1.9202977  0.0353145
6.1459057  -1.9108996  0.0345289
6.1387493  -1.9015532  0.0336722
6.1314831  -1.8922327  0.0328145
6.1241071  -1.8830412  0.0319465
6.1166214  -1.8738755  0.0312361
6.1090918  -1.8647098  0.0305384
6.0958984  -1.8482374  0.0297743
6.0882810  -1.8389169  0.0293302
6.0805758  -1.8295446  0.0290459
6.0728486  -1.8201724  0.0288184
6.0650775  -1.8107744  0.0286421
6.0573283  -1.8013247  0.0284198
6.0495572  -1.7917976  0.0280505
6.0417642  -1.7822188  0.0276109
6.0339711  -1.7726400  0.0270868
6.0261780  -1.7630871  0.0264008
6.0185387  -1.7526046  0.0255910
6.0049721  -1.7356933  0.0239887
5.9971132  -1.7266825  0.0231068
5.9891665  -1.7176718  0.0222962
5.9811320  -1.7087385  0.0213994
5.9729657  -1.6998568  0.0206509
5.9647117  -1.6910526  0.0198925
5.9564357  -1.6822742  0.0192124
5.9480060  -1.6735475  0.0184999
5.9395544  -1.6648207  0.0178357
5.9244073  -1.6494327  0.0166026
5.9155167  -1.6408609  0.0159398
5.9064723  -1.6323665  0.0153136
5.8973841  -1.6239496  0.0146479
5.8882081  -1.6155585  0.0139714
5.8789881  -1.6072190  0.0131967
5.8696803  -1.5989312  0.0124275
5.8602848  -1.5907466  0.0116871
5.8508892  -1.5826395  0.0109463
5.8413839  -1.5745840  0.0102881
5.8248977  -1.5601772  0.0091732
5.8154802  -1.5521992  0.0085440
5.8060188  -1.5443244  0.0079386
5.7965135  -1.5365272  0.0074367
5.7868984  -1.5288332  0.0068730
5.7772613  -1.5211650  0.0062741
5.7675584  -1.5135484  0.0056072
5.7578555  -1.5060093  0.0049120
5.7480209  -1.4984961  0.0042032
5.7381863  -1.4910603  0.0034130
5.7209099  -1.4778152  0.0022785
5.7110533  -1.4706376  0.0015990
5.7011309  -1.4634600  0.0009088
5.6911426  -1.4563598  0.0001792
5.6810885  -1.4492855  -0.0003788
5.6709246  -1.4422369  -0.0009435
5.6607387  -1.4352142  -0.0014382
5.6505748  -1.4282432  -0.0019219
5.6403670  -1.4213237  -0.0025183
5.6300934  -1.4144301  -0.0030348
5.6196002  -1.4063230  -0.0036159
5.6018189  -1.3936976  -0.0043849
5.5918086  -1.3871913  -0.0047635
5.5818423  -1.3807624  -0.0052242
5.5718101  -1.3742819  -0.0056612
5.5618219  -1.3678530  -0.0062521
5.5517458  -1.3613725  -0.0068384
5.5416697  -1.3549694  -0.0074739
5.5315497  -1.3485406  -0.0081240
5.5214297  -1.3421375  -0.0088542
5.5030776  -1.3309322  -0.0100773
5.4924966  -1.3250455  -0.0107955
5.4818498  -1.3191846  -0.0113937
5.4711371  -1.3133754  -0.0119174
5.4603366  -1.3076694  -0.0124095
5.4493824  -1.3020668  -0.0128001
5.4383624  -1.2965415  -0.0130172
5.4272765  -1.2910938  -0.0131552
5.4161028  -1.2857493  -0.0132028
5.4047974  -1.2804564  -0.0132389
5.3851501  -1.2705937  -0.0133018
5.3740203  -1.2652492  -0.0132581
5.3628466  -1.2599305  -0.0133592
5.3515851  -1.2547151  -0.0135715
5.3403016  -1.2494997  -0.0138762
5.3289743  -1.2443876  -0.0142152
5.3176250  -1.2393271  -0.0145940
5.3061659  -1.2343441  -0.0151176
5.2947288  -1.2293353  -0.0154921
5.2832477  -1.2244555  -0.0159363
5.2631614  -1.2154448  -0.0165895
5.2517462  -1.2107974  -0.0170267
5.2402872  -1.2061758  -0.0173684
5.2287842  -1.2016317  -0.0177783
5.2172153  -1.1971909  -0.0181198
5.2056026  -1.1927501  -0.0184450
5.1939679  -1.1884125  -0.0187451
5.1822893  -1.1841008  -0.0189892
5.1704570  -1.1798665  -0.0191399
5.1585809  -1.1757613  -0.0192614
5.1374409  -1.1684546  -0.0195160
5.1254988  -1.1645301  -0.0195710
5.1135568  -1.1606832  -0.0196652
5.1015050  -1.1568878  -0.0196457
5.0894313  -1.1531957  -0.0196676
5.0773575  -1.1495553  -0.0197190
5.0651960  -1.1459923  -0.0198085
5.0529905  -1.1425067  -0.0199386
5.0407631  -1.1390212  -0.0201696
5.0285138  -1.1355615  -0.0204521
5.0069567  -1.1292359  -0.0210021
4.9947732  -1.1261376  -0.0210363
4.9825458  -1.1230394  -0.0211674
4.9702745  -1.1200444  -0.0212665
4.9579812  -1.1170753  -0.0214015
4.9456001  -1.1141319  -0.0215641
4.9332630  -1.1112402  -0.0217716
4.9208819  -1.1083743  -0.0219898
4.9085008  -1.1056117  -0.0222744
4.8960758  -1.1029008  -0.0224390
4.8826630  -1.0987439  -0.0227786
4.8606449  -1.0934511  -0.0231782
4.8486151  -1.0915663  -0.0231601
4.8366072  -1.0897332  -0.0231408
4.8245335  -1.0880292  -0.0231438
4.8124597  -1.0864026  -0.0231766
4.8003201  -1.0849051  -0.0233557
4.7881805  -1.0834593  -0.0235662
4.7759312  -1.0821167  -0.0238767
4.7637038  -1.0807999  -0.0242923
4.7414442  -1.0780890  -0.0250757
4.7289534  -1.0769271  -0.0255175
4.7164186  -1.0758686  -0.0259661
4.7039498  -1.0748100  -0.0263899
4.6913272  -1.0738031  -0.0268299
4.6787925  -1.0728220  -0.0271730
4.6661480  -1.0718667  -0.0273534
4.6535693  -1.0709630  -0.0275959
4.6408809  -1.0701626  -0.0277011
4.6282364  -1.0693881  -0.0278525
4.6058232  -1.0676324  -0.0282064
4.5933324  -1.0668579  -0.0284631
4.5807757  -1.0662640  -0.0287451
4.5682629  -1.0656444  -0.0291688
4.5557062  -1.0650764  -0.0295882
4.5431495  -1.0646116  -0.0301124
4.5305050  -1.0642760  -0.0305313
4.5179264  -1.0639920  -0.0310249
4.5053478  -1.0637855  -0.0314696
4.4927691  -1.0636305  -0.0319614
4.4703339  -1.0631400  -0.0327040
4.4579089  -1.0631400  -0.0331226
4.4454401  -1.0632433  -0.0334943
4.4329931  -1.0634240  -0.0337947
4.4204804  -1.0637597  -0.0341202
4.4080115  -1.0640695  -0.0344172
4.3955426  -1.0644310  -0.0347811
4.3830737  -1.0648441  -0.0351500
4.3705609  -1.0653088  -0.0355212
4.3580921  -1.0658252  -0.0358943
4.3362057  -1.0663932  -0.0364171
4.3240661  -1.0670903  -0.0366956
4.3119045  -1.0678649  -0.0368681
4.2998528  -1.0687428  -0.0370251
4.2878449  -1.0696206  -0.0371808
4.2758150  -1.0706275  -0.0373090
4.2638511  -1.0717636  -0.0374962
4.2519310  -1.0729512  -0.0376663
4.2400768  -1.0742164  -0.0378591
4.2282006  -1.0754815  -0.0382054
4.2070826  -1.0773405  -0.0388992
4.1954918  -1.0785281  -0.0394230
4.1839449  -1.0796900  -0.0398223
4.1724639  -1.0808518  -0.0403065
4.1610048  -1.0820653  -0.0406929
4.1496116  -1.0832530  -0.0409753
4.1382842  -1.0844665  -0.0411342
4.1270008  -1.0856800  -0.0411842
4.1156953  -1.0869709  -0.0412280
4.1044338  -1.0882619  -0.0411602
4.0846768  -1.0901466  -0.0410521
4.0739202  -1.0914118  -0.0410670
4.0630978  -1.0927543  -0.0410954
4.0523412  -1.0942002  -0.0412946
4.0415846  -1.0956202  -0.0414188
4.0308499  -1.0971436  -0.0416862
4.0201372  -1.0986669  -0.0420058
4.0094904  -1.1002160  -0.0422813
3.9989313  -1.1017393  -0.0425370
3.9883943  -1.1032110  -0.0427846
3.9697129  -1.1052765  -0.0429992
3.9595929  -1.1065416  -0.0431098
3.9494949  -1.1077809  -0.0431502
3.9394627  -1.1090202  -0.0432991
3.9294305  -1.1103112  -0.0434411
3.9194203  -1.1116538  -0.0436870
3.9094101  -1.1129963  -0.0440285
3.8993779  -1.1144164  -0.0443119
3.8893238  -1.1158881  -0.0446363
3.8792916  -1.1173856  -0.0449134
3.8611590  -1.1195027  -0.0452723
3.8513025  -1.1206387  -0.0454652
3.8414679  -1.1218006  -0.0454685
3.8316333  -1.1229883  -0.0454366
3.8217987  -1.1242017  -0.0453064
3.8119641  -1.1254410  -0.0451495
3.8020855  -1.1266804  -0.0449679
3.7921851  -1.1279197  -0.0447953
3.7822627  -1.1292106  -0.0446888
3.7722963  -1.1305532  -0.0446816
3.7545370  -1.1324896  -0.0449143
3.7450756  -1.1334449  -0.0451049
3.7355702  -1.1344002  -0.0452374
3.7260210  -1.1354071  -0.0454184
3.7164718  -1.1364399  -0.0455490
3.7068786  -1.1374727  -0.0456361
3.6973075  -1.1384796  -0.0456109
3.6877363  -1.1394607  -0.0454880
3.6781871  -1.1404160  -0.0453742
3.6686378  -1.1412680  -0.0453741
3.6564104  -1.1423524  -0.0457062
3.6382120  -1.1436692  -0.0457457
3.6295189  -1.1442114  -0.0455454
3.6209136  -1.1447536  -0.0454504
3.6123084  -1.1453216  -0.0454264
3.6037689  -1.1459154  -0.0453039
3.5952295  -1.1465093  -0.0451412
3.5867559  -1.1471806  -0.0448373
3.5783043  -1.1479035  -0.0444590
3.5698527  -1.1487039  -0.0439950
3.5540690  -1.1500206  -0.0432410
3.5456394  -1.1505370  -0.0428753
3.5371878  -1.1511309  -0.0424966
3.5287801  -1.1517247  -0.0421308
3.5203284  -1.1523702  -0.0417195
3.5118768  -1.1529898  -0.0413210
3.5033813  -1.1536353  -0.0409376
3.4948858  -1.1542550  -0.0406065
3.4863903  -1.1548746  -0.0403352
3.4778728  -1.1554168  -0.0399717
3.4623086  -1.1561139  -0.0393814
3.4541205  -1.1559848  -0.0389054
3.4459323  -1.1558816  -0.0383994
3.4377002  -1.1558041  -0.0379103
3.4294900  -1.1558299  -0.0374147
3.4212579  -1.1559590  -0.0369623
3.4129819  -1.1560365  -0.0366305
3.4047718  -1.1560365  -0.0362367
3.3965397  -1.1559332  -0.0359017
3.3883296  -1.1558041  -0.0353302
3.3731825  -1.1554943  -0.0345400
3.3651260  -1.1548746  -0.0338867
3.3570696  -1.1541775  -0.0331183
3.3490790  -1.1533772  -0.0323483
3.3410225  -1.1524477  -0.0315917
3.3330099  -1.1514408  -0.0308655
3.3249973  -1.1503306  -0.0302120
3.3170067  -1.1491945  -0.0296495
3.3090161  -1.1480327  -0.0292738
3.3010255  -1.1467934  -0.0290134
3.2863833  -1.1449603  -0.0287108
3.2786781  -1.1435144  -0.0285310
3.2710387  -1.1420686  -0.0283638
3.2634652  -1.1405711  -0.0282892
3.2558697  -1.1390478  -0.0280790
3.2483401  -1.1374986  -0.0278212
3.2408544  -1.1359495  -0.0274564
3.2333467  -1.1343746  -0.0271046
3.2258829  -1.1327738  -0.0266087
3.2183753  -1.1311472  -0.0261293
3.2043258  -1.1283588  -0.0251354
3.1968840  -1.1263191  -0.0246043
3.1894202  -1.1242794  -0.0240754
3.1819784  -1.1222139  -0.0236245
3.1744708  -1.1201484  -0.0232141
3.1669192  -1.1180571  -0.0228143
3.1593457  -1.1159916  -0.0224200
3.1517941  -1.1139003  -0.0219275
3.1442425  -1.1117573  -0.0214950
3.1366909  -1.1096402  -0.0209765
3.1226635  -1.1058965  -0.0200914
3.1151997  -1.1031080  -0.0194789
3.1077140  -1.1002938  -0.0187937
3.1002722  -1.0974537  -0.0181207
3.0928303  -1.0945620  -0.0174884
3.0853885  -1.0916187  -0.0167602
3.0779248  -1.0886495  -0.0160879
3.0704390  -1.0856545  -0.0154011
3.0629972  -1.0825821  -0.0148240
3.0555993  -1.0794322  -0.0142710
3.0417914  -1.0740361  -0.0135946
3.0345032  -1.0703698  -0.0133690
3.0272151  -1.0666519  -0.0131408
3.0200147  -1.0628824  -0.0129271
3.0127924  -1.0590095  -0.0127730
3.0055921  -1.0551367  -0.0126090
2.9984137  -1.0512381  -0.0124173
2.9912573  -1.0472878  -0.0121416
2.9841228  -1.0433375  -0.0117847
2.9769883  -1.0393873  -0.0114093
2.9634657  -1.0332166  -0.0105713
2.9561995  -1.0292146  -0.0101130
2.9489333  -1.0252386  -0.0095291
2.9416891  -1.0212883  -0.0090035
2.9343790  -1.0173122  -0.0085018
2.9270689  -1.0133619  -0.0080268
2.9197807  -1.0094116  -0.0074917
2.9124706  -1.0054614  -0.0070359
2.9051386  -1.0015111  -0.0066132
2.8978285  -0.9975092  -0.0063106
2.8842181  -0.9906930  -0.0058406
2.8769519  -0.9861489  -0.0057066
2.8696857  -0.9816306  -0.0055432
2.8624195  -0.9771123  -0.0054445
2.8551753  -0.9725166  -0.0053112
2.8479749  -0.9678692  -0.0051590
2.8407746  -0.9631702  -0.0049561
2.8336401  -0.9583937  -0.0047637
2.8265495  -0.9535914  -0.0044524
2.8194590  -0.9487117  -0.0041307
2.8099536  -0.9460007  -0.0035767
2.7958164  -0.9389263  -0.0028847
2.7889892  -0.9336851  -0.0025003
2.7822060  -0.9283148  -0.0021530
2.7754447  -0.9229187  -0.0018906
2.7687054  -0.9174451  -0.0016916
2.7619880  -0.9119199  -0.0015630
2.7552925  -0.9063946  -0.0014555
2.7486629  -0.9008436  -0.0014673
2.7420114  -0.8953184  -0.0014495
2.7293450  -0.8864884  -0.0016020
2.7224300  -0.8811439  -0.0016175
2.7155370  -0.8757736  -0.0016693
2.7086659  -0.8703774  -0.0016680
2.7018607  -0.8649555  -0.0016880
2.6950336  -0.8595077  -0.0015322
2.6882284  -0.8540341  -0.0013781
2.6814451  -0.8485605  -0.0011350
2.6746839  -0.8430870  -0.0009211
2.6679445  -0.8375617  -0.0007871
2.6556952  -0.8281637  -0.0006729
2.6490875  -0.8223286  -0.0008161
2.6425018  -0.8164678  -0.0010663
2.6359601  -0.8106069  -0.0013531
2.6294622  -0.8047460  -0.0016562
2.6230082  -0.7988852  -0.0020035
2.6165762  -0.7930501  -0.0022958
2.6101881  -0.7871893  -0.0025330
2.6038000  -0.7813284  -0.0026717
2.5974558  -0.7754675  -0.0027420
2.5856455  -0.7658113  -0.0026980
2.5791696  -0.7598213  -0.0027528
2.5726937  -0.7538055  -0.0028047
2.5662178  -0.7477639  -0.0028087
2.5597638  -0.7416965  -0.0028064
2.5533318  -0.7356291  -0.0028853
2.5469217  -0.7295359  -0.0030070
2.5405336  -0.7234168  -0.0031596
2.5341894  -0.7172719  -0.0033668
2.5278452  -0.7111271  -0.0035425
2.5198546  -0.7067379  -0.0035714
2.5077150  -0.6975206  -0.0038322
2.5016562  -0.6914015  -0.0039719
2.4955974  -0.6852825  -0.0041223
2.4895166  -0.6791634  -0.0042984
2.4834578  -0.6730185  -0.0044641
2.4773990  -0.6668736  -0.0046873
2.4713401  -0.6606513  -0.0047742
2.4652594  -0.6544290  -0.0048547
2.4591786  -0.6481808  -0.0048652
2.4476976  -0.6380082  -0.0047933
2.4413314  -0.6319666  -0.0047064
2.4349433  -0.6258992  -0.0045820
2.4284893  -0.6197802  -0.0044350
2.4219915  -0.6136095  -0.0042784
2.4154717  -0.6074130  -0.0041777
2.4088860  -0.6011648  -0.0041135
2.4022783  -0.5949167  -0.0041564
2.3956049  -0.5886427  -0.0041531
2.3888655  -0.5823687  -0.0041920
2.3806554  -0.5772050  -0.0040884
2.3676157  -0.5674455  -0.0040565
2.3608544  -0.5614039  -0.0041703
2.3540932  -0.5553623  -0.0042331
2.3473538  -0.5492948  -0.0043165
2.3405706  -0.5432274  -0.0044157
2.3337873  -0.5371600  -0.0044606
2.3270260  -0.5311442  -0.0044981
2.3202867  -0.5251026  -0.0044460
2.3135693  -0.5190610  -0.0043384
2.3013199  -0.5085270  -0.0042122
2.2944708  -0.5022788  -0.0042147
2.2876437  -0.4960048  -0.0042572
2.2808385  -0.4897567  -0.0042248
2.2740772  -0.4835344  -0.0042122
2.2672940  -0.4773378  -0.0041796
2.2605327  -0.4711413  -0.0041545
2.2537275  -0.4649190  -0.0041613
2.2469881  -0.4587225  -0.0042172
2.2402707  -0.4525776  -0.0043531
2.2279555  -0.4426632  -0.0043860
2.2209527  -0.4370089  -0.0044527
2.2139280  -0.4313804  -0.0044536
2.2069033  -0.4258035  -0.0044460
2.1998786  -0.4202008  -0.0044554
2.1928758  -0.4146498  -0.0044410
2.1858731  -0.4090471  -0.0044054
2.1788044  -0.4034444  -0.0043714
2.1717358  -0.3977901  -0.0043133
2.1646013  -0.3920842  -0.0042839
2.1515836  -0.3823505  -0.0041628
2.1441199  -0.3767736  -0.0042050
2.1366342  -0.3711709  -0.0042366
2.1291265  -0.3654908  -0.0042888
2.1215969  -0.3597590  -0.0043451
2.1140672  -0.3539756  -0.0043698
2.1065596  -0.3481406  -0.0045110
2.0990519  -0.3422797  -0.0046904
2.0915662  -0.3363930  -0.0049223
2.0840805  -0.3305063  -0.0050987
2.0760240  -0.3246713  -0.0049697
2.0626770  -0.3148343  -0.0053045
2.0551474  -0.3094382  -0.0054982
2.0477495  -0.3039904  -0.0058459
2.0403077  -0.2985943  -0.0061454
2.0328878  -0.2932756  -0.0063649
2.0255119  -0.2879828  -0.0065548
2.0181798  -0.2827157  -0.0066927
2.0109575  -0.2774745  -0.0069633
2.0037133  -0.2722333  -0.0071575
1.9906517  -0.2629902  -0.0076312
1.9830123  -0.2577231  -0.0078304
1.9754168  -0.2524819  -0.0080784
1.9678653  -0.2472665  -0.0084581
1.9603576  -0.2420769  -0.0088376
1.9528719  -0.2369390  -0.0093132
1.9454081  -0.2318011  -0.0097462
1.9379663  -0.2267148  -0.0102666
1.9305464  -0.2216543  -0.0107392
1.9231485  -0.2165938  -0.0112171
1.9100650  -0.2078154  -0.0117220
1.9024915  -0.2029098  -0.0120086
1.8949179  -0.1980043  -0.0123078
1.8873664  -0.1930729  -0.0124997
1.8798367  -0.1881415  -0.0126447
1.8723071  -0.1832101  -0.0127613
1.8647994  -0.1782012  -0.0128368
1.8573137  -0.1731924  -0.0129717
1.8498280  -0.1681835  -0.0129866
1.8423862  -0.1631747  -0.0130562
1.8294783  -0.1544479  -0.0131039
1.8220365  -0.1495940  -0.0131548
1.8146166  -0.1447401  -0.0132968
1.8071528  -0.1399120  -0.0132765
1.7997110  -0.1350838  -0.0133196
1.7922692  -0.1302041  -0.0134071
1.7848713  -0.1253243  -0.0136391
1.7775173  -0.1203929  -0.0140479
1.7701194  -0.1153841  -0.0144234
1.7627434  -0.1104011  -0.0148346
1.7497477  -0.1016227  -0.0152108
1.7422839  -0.0967687  -0.0154664
1.7348421  -0.0918632  -0.0156856
1.7274223  -0.0869318  -0.0158194
1.7200024  -0.0819746  -0.0159746
1.7125606  -0.0769657  -0.0160094
1.7051188  -0.0719311  -0.0159887
1.6976331  -0.0669738  -0.0158992
1.6901254  -0.0620166  -0.0157322
1.6826177  -0.0570336  -0.0156570
1.6691610  -0.0483068  -0.0155705
1.6613240  -0.0435820  -0.0157135
1.6534212  -0.0388313  -0.0158187
1.6455404  -0.0340549  -0.0159719
1.6376156  -0.0292526  -0.0161681
1.6296689  -0.0244245  -0.0163969
1.6217441  -0.0196222  -0.0166623
1.6137974  -0.0147682  -0.0169390
1.6058727  -0.0099143  -0.0172614
1.5979699  -0.0050862  -0.0175492
1.5903744  0.0007489  -0.0177714
1.5770933  0.0098887  -0.0180048
1.5694319  0.0145619  -0.0180829
1.5617925  0.0191835  -0.0180863
1.5541532  0.0238051  -0.0180102
1.5465357  0.0283750  -0.0179536
1.5388964  0.0329449  -0.0178161
1.5312789  0.0374632  -0.0177085
1.5236834  0.0420073  -0.0176093
1.5161099  0.0465256  -0.0175636
1.5028069  0.0546327  -0.0176467
1.4950577  0.0590219  -0.0177132
1.4873086  0.0633853  -0.0177180
1.4796033  0.0676970  -0.0178089
1.4718981  0.0720346  -0.0178808
1.4642587  0.0763721  -0.0180430
1.4566413  0.0806581  -0.0181197
1.4490239  0.0849440  -0.0182123
1.4413845  0.0891783  -0.0182030
1.4337451  0.0934384  -0.0181651
1.4203542  0.1014164  -0.0181764
1.4125831  0.1059088  -0.0181216
1.4047681  0.1104271  -0.0180663
1.3969092  0.1149454  -0.0180132
1.3889845  0.1195670  -0.0179714
1.3810158  0.1242144  -0.0179501
1.3729593  0.1289392  -0.0178917
1.3648589  0.1336899  -0.0178638
1.3566927  0.1384922  -0.0178431
1.3485045  0.1433719  -0.0178730
1.3341477  0.1519179  -0.0179723
1.3258717  0.1564621  -0.0179410
1.3175518  0.1610062  -0.0179586
1.3092758  0.1655245  -0.0179199
1.3009340  0.1700427  -0.0179415
1.2926360  0.1745610  -0.0178878
1.2843600  0.1790277  -0.0179154
1.2761060  0.1834427  -0.0179612
1.2678520  0.1877803  -0.0180525
1.2596199  0.1920662  -0.0182658
1.2515414  0.1974623  -0.0183713
1.2372725  0.2054920  -0.0185510
1.2290843  0.2093390  -0.0186751
1.2208741  0.2132376  -0.0187383
1.2127079  0.2170846  -0.0187942
1.2045856  0.2209574  -0.0186756
1.1964852  0.2248302  -0.0184401
1.1884287  0.2287031  -0.0181653
1.1803942  0.2325759  -0.0179091
1.1724036  0.2365262  -0.0176104
1.1583102  0.2440652  -0.0174452
1.1499903  0.2481704  -0.0172812
1.1417363  0.2522756  -0.0172887
1.1334603  0.2563550  -0.0173701
1.1252502  0.2604344  -0.0175076
1.1170400  0.2645137  -0.0177236
1.1088299  0.2686189  -0.0179884
1.1007075  0.2726467  -0.0183688
1.0925633  0.2767518  -0.0187020
1.0844629  0.2808570  -0.0189457
1.0703037  0.2882412  -0.0191528
1.0619838  0.2921915  -0.0191538
1.0536858  0.2961418  -0.0191354
1.0453659  0.3001437  -0.0191151
1.0370021  0.3041972  -0.0190364
1.0285944  0.3082508  -0.0188951
1.0202087  0.3123302  -0.0187559
1.0117790  0.3163837  -0.0186457
1.0032396  0.3204373  -0.0185000
0.9947001  0.3245166  -0.0183137
0.9799921  0.3321848  -0.0181805
0.9714527  0.3363933  -0.0181273
0.9628694  0.3405501  -0.0181594
0.9542641  0.3446811  -0.0181097
0.9456588  0.3487863  -0.0181284
0.9370316  0.3528657  -0.0180444
0.9284702  0.3569192  -0.0180773
0.9199088  0.3609470  -0.0181502
0.9113694  0.3649489  -0.0181411
0.9028739  0.3689766  -0.0182556
0.8882098  0.3762059  -0.0181401
0.8798240  0.3801303  -0.0181840
0.8714383  0.3841064  -0.0182000
0.8630745  0.3881342  -0.0181637
0.8547326  0.3921361  -0.0180621
0.8464347  0.3961638  -0.0179692
0.8381806  0.4001657  -0.0179191
0.8299705  0.4042193  -0.0178754
0.8217604  0.4082986  -0.0178119
0.8136161  0.4123780  -0.0177821
0.7994788  0.4199171  -0.0177014
0.7913565  0.4241772  -0.0177305
0.7832561  0.4284889  -0.0178472
0.7751557  0.4327749  -0.0179827
0.7670773  0.4370866  -0.0181989
0.7590208  0.4413983  -0.0184109
0.7510302  0.4457359  -0.0186993
0.7430176  0.4500993  -0.0189378
0.7350051  0.4544885  -0.0191627
0.7269706  0.4588777  -0.0193588
0.7128333  0.4666491  -0.0194072
0.7046012  0.4709867  -0.0195128
0.6963472  0.4753242  -0.0196059
0.6880712  0.4796618  -0.0196431
0.6798171  0.4839994  -0.0196442
0.6715631  0.4882853  -0.0196437
0.6632651  0.4925970  -0.0196758
0.6549891  0.4968571  -0.0197452
0.6467131  0.5011172  -0.0197840
0.6384371  0.5053257  -0.0197952
0.6242999  0.5127615  -0.0197273
0.6161337  0.5169442  -0.0197504
0.6080552  0.5210493  -0.0197543
0.5999549  0.5251804  -0.0197782
0.5918764  0.5292339  -0.0197400
0.5838858  0.5332100  -0.0197014
0.5758732  0.5372377  -0.0196965
0.5678607  0.5412397  -0.0196064
0.5599140  0.5452932  -0.0196230
0.5519672  0.5492951  -0.0195072
0.5382910  0.5566535  -0.0195616
0.5304101  0.5608103  -0.0196850
0.5225512  0.5650188  -0.0197561
0.5147362  0.5692531  -0.0198317
0.5069432  0.5734615  -0.0198107
0.4992380  0.5776700  -0.0198600
0.4915766  0.5819043  -0.0199609
0.4839372  0.5862160  -0.0200215
0.4764076  0.5905019  -0.0201486
0.4688780  0.5947620  -0.0202864
0.4559262  0.6023011  -0.0204492
0.4485063  0.6065354  -0.0206094
0.4411304  0.6107439  -0.0207967
0.4337764  0.6149007  -0.0210282
0.4265102  0.6189543  -0.0212574
0.4192659  0.6230078  -0.0215017
0.4121314  0.6270097  -0.0218003
0.4050628  0.6310116  -0.0220937
0.3980161  0.6349877  -0.0223008
0.3911231  0.6388864  -0.0224115
0.3843619  0.6434305  -0.0223143
0.3727930  0.6502725  -0.0218712
0.3660976  0.6538096  -0.0216015
0.3596217  0.6572694  -0.0212464
0.3532775  0.6606258  -0.0209040
0.3470869  0.6638790  -0.0204667
0.3410720  0.6670031  -0.0202000
0.3351888  0.6700238  -0.0199952
0.3293934  0.6729414  -0.0200264
0.3237298  0.6758073  -0.0202120
0.3139390  0.6811518  -0.0210615
0.3081437  0.6841726  -0.0216917
0.3024361  0.6871675  -0.0224423
0.2967724  0.6901109  -0.0232228
0.2911526  0.6930026  -0.0240221
0.2855328  0.6959717  -0.0247948
0.2799131  0.6989667  -0.0254767
0.2742713  0.7020650  -0.0260233
0.2686735  0.7051891  -0.0263653
0.2630537  0.7083390  -0.0265395
0.2532411  0.7140707  -0.0261420
0.2474457  0.7173239  -0.0257866
0.2416064  0.7206545  -0.0253556
0.2357671  0.7240110  -0.0249202
0.2298839  0.7273674  -0.0244443
0.2240007  0.7306464  -0.0239730
0.2180736  0.7339512  -0.0234963
0.2121245  0.7372044  -0.0231906
0.2061316  0.7405350  -0.0228901
0.2001167  0.7439947  -0.0228307
0.1899308  0.7499847  -0.0230242
0.1841354  0.7531862  -0.0231779
0.1782961  0.7563361  -0.0233316
0.1723910  0.7595118  -0.0234826
0.1664200  0.7627650  -0.0236838
0.1604270  0.7659923  -0.0238800
0.1544121  0.7692455  -0.0240540
0.1483313  0.7725503  -0.0241368
0.1421847  0.7758551  -0.0241365
0.1359942  0.7791341  -0.0239542
0.1299792  0.7831102  -0.0237505
0.1192665  0.7894616  -0.0232058
0.1130541  0.7927923  -0.0229255
0.1068416  0.7961487  -0.0226469
0.1006510  0.7995052  -0.0223144
0.0945044  0.8028100  -0.0219553
0.0884017  0.8061148  -0.0216453
0.0823429  0.8093938  -0.0214637
0.0763499  0.8126728  -0.0213901
0.0704448  0.8159259  -0.0214207
0.0604126  0.8218642  -0.0216369
0.0547050  0.8251174  -0.0217666
0.0490413  0.8283189  -0.0219348
0.0434435  0.8315205  -0.0221159
0.0379774  0.8345929  -0.0222204
0.0326649  0.8376654  -0.0223317
0.0274623  0.8407636  -0.0222872
0.0224352  0.8438360  -0.0220831
0.0176935  0.8467794  -0.0217376
0.0132372  0.8495936  -0.0212784
0.0053344  0.8545509  -0.0201953
0.0007025  0.8572102  -0.0196760
-0.0037099  0.8597663  -0.0191667
-0.0078370  0.8621674  -0.0188893
-0.0117884  0.8644653  -0.0187203
-0.0154983  0.8666341  -0.0186875
-0.0190326  0.8687254  -0.0188569
-0.0223474  0.8706876  -0.0192126
-0.0254866  0.8724691  -0.0197095
-0.0284282  0.8741731  -0.0203470
-0.0333455  0.8774005  -0.0213837
-0.0362871  0.8792853  -0.0220081
-0.0391189  0.8811184  -0.0225227
-0.0418190  0.8828483  -0.0229849
-0.0444094  0.8845007  -0.0232986
-0.0469119  0.8861014  -0.0234946
-0.0493267  0.8876506  -0.0235688
-0.0517414  0.8891481  -0.0234543
-0.0541562  0.8906197  -0.0232787
-0.0565270  0.8920914  -0.0230420
-0.0606321  0.8947507  -0.0226295
-0.0632444  0.8963257  -0.0224969
-0.0658567  0.8978748  -0.0223944
-0.0684691  0.8993981  -0.0223654
-0.0710375  0.9009214  -0.0223614
-0.0736059  0.9024189  -0.0224287
-0.0761084  0.9039422  -0.0225146
-0.0785671  0.9054397  -0.0226353
-0.0809160  0.9069372  -0.0227324
-0.0831551  0.9083831  -0.0227765
-0.0864699  0.9107584  -0.0226469
-0.0884456  0.9120493  -0.0224936
-0.0902896  0.9132628  -0.0222779
-0.0919580  0.9144505  -0.0220410
-0.0934946  0.9155865  -0.0217601
-0.0948556  0.9166451  -0.0215363
-0.0960630  0.9177037  -0.0213754
-0.0970728  0.9186590  -0.0212954
-0.0979070  0.9195626  -0.0213082
-0.0985875  0.9203888  -0.0213634
-0.0982143  0.9212150  -0.0215004
-0.0981704  0.9222478  -0.0218951
-0.0985436  0.9226609  -0.0221791
-0.0988071  0.9229707  -0.0225264
-0.0989607  0.9232547  -0.0229169
-0.0990705  0.9234871  -0.0233004
-0.0991144  0.9236420  -0.0236980
-0.0991583  0.9237969  -0.0240785
-0.0992022  0.9239260  -0.0244296
-0.0992680  0.9240551  -0.0247774
-0.0994876  0.9244940  -0.0251961
-0.1000364  0.9247522  -0.0253800
-0.1006071  0.9250104  -0.0254716
-0.1012218  0.9252944  -0.0255074
-0.1018804  0.9255784  -0.0254710
-0.1025609  0.9258882  -0.0253761
-0.1032634  0.9262239  -0.0252787
-0.1039658  0.9265595  -0.0251443
-0.1047122  0.9269468  -0.0250381
-0.1054586  0.9273599  -0.0249651
-0.1061171  0.9279279  -0.0249201
-0.1065562  0.9280828  -0.0249065
-0.1070391  0.9282894  -0.0249697
-0.1075440  0.9284959  -0.0250842
-0.1080489  0.9287025  -0.0252311
-0.1085758  0.9289348  -0.0254272
-0.1091466  0.9291672  -0.0256049
-0.1097393  0.9293996  -0.0257494
-0.1103978  0.9296578  -0.0258854
-0.1111003  0.9299676  -0.0259712
-0.1119125  0.9306131  -0.0260276
-0.1124833  0.9308971  -0.0260657
-0.1130980  0.9312069  -0.0260363
-0.1137565  0.9315425  -0.0259865
-0.1144371  0.9319298  -0.0259251
-0.1151615  0.9323429  -0.0258725
-0.1159078  0.9327560  -0.0258228
-0.1166762  0.9331691  -0.0257733
-0.1174445  0.9335822  -0.0257338
-0.1182128  0.9339695  -0.0257026
-0.1192885  0.9346408  -0.0256657
-0.1199690  0.9348990  -0.0256382
-0.1206495  0.9351313  -0.0256311
-0.1213301  0.9353379  -0.0256197
-0.1220106  0.9355444  -0.0256260
-0.1226691  0.9357510  -0.0256474
-0.1233058  0.9359575  -0.0256743
-0.1239424  0.9361899  -0.0256989
-0.1245351  0.9364223  -0.0257181
-0.1251278  0.9366805  -0.0257234
-0.1258522  0.9371969  -0.0256840
-0.1263352  0.9373518  -0.0256462
-0.1267742  0.9375067  -0.0256118
-0.1271913  0.9376616  -0.0255656
-0.1276084  0.9378165  -0.0255023
-0.1280255  0.9379456  -0.0254534
-0.1284206  0.9380747  -0.0254058
-0.1288158  0.9382038  -0.0253978
-0.1291890  0.9383071  -0.0253860
-0.1295402  0.9384103  -0.0253936
-0.1299573  0.9387718  -0.0254501
-0.1301988  0.9389009  -0.0254812
-0.1304622  0.9390042  -0.0255067
-0.1307037  0.9391333  -0.0255140
-0.1309451  0.9392365  -0.0255312
-0.1311866  0.9393915  -0.0255125
-0.1314281  0.9395205  -0.0254946
-0.1316915  0.9396755  -0.0254605
-0.1319330  0.9398304  -0.0254165
-0.1321964  0.9399853  -0.0253623
-0.1326135  0.9402435  -0.0253347
-0.1328989  0.9402435  -0.0253496
-0.1332062  0.9402177  -0.0253763
-0.1335135  0.9401918  -0.0254145
-0.1338209  0.9401660  -0.0254445
-0.1341502  0.9401660  -0.0254917
-0.1345014  0.9401402  -0.0255495
-0.1348526  0.9401402  -0.0256023
-0.1352258  0.9401402  -0.0256376
-0.1355990  0.9401660  -0.0256734
-0.1361478  0.9403984  -0.0256450
-0.1364771  0.9403726  -0.0256599
-0.1368064  0.9403984  -0.0256462
-0.1371576  0.9403984  -0.0256703
-0.1374869  0.9404242  -0.0257038
-0.1378162  0.9404500  -0.0257398
-0.1381674  0.9405017  -0.0257798
-0.1384967  0.9405533  -0.0258036
-0.1388479  0.9406049  -0.0258324
-0.1391772  0.9406308  -0.0258561
-0.1396602  0.9408631  -0.0258297
-0.1399456  0.9408631  -0.0257979
-0.1402090  0.9408631  -0.0257587
-0.1404944  0.9408373  -0.0257254
-0.1407797  0.9408115  -0.0256881
-0.1410651  0.9408115  -0.0256571
-0.1413285  0.9407857  -0.0256578
-0.1415920  0.9407857  -0.0256300
-0.1418554  0.9407598  -0.0256142
-0.1421188  0.9407598  -0.0255919
-0.1422725  0.9413279  -0.0255994
-0.1425579  0.9417668  -0.0255711
-0.1427554  0.9417410  -0.0255404
-0.1429530  0.9416893  -0.0255166
-0.1431286  0.9416377  -0.0255136
-0.1433043  0.9415861  -0.0254930
-0.1434799  0.9415344  -0.0254687
-0.1436555  0.9414828  -0.0254369
-0.1438092  0.9414053  -0.0254100
-0.1439409  0.9413279  -0.0253847
-0.1441165  0.9413279  -0.0253598
-0.1442262  0.9411988  -0.0253758
-0.1443141  0.9410697  -0.0253636
-0.1443799  0.9409148  -0.0253746
-0.1444458  0.9407857  -0.0253742
