-0.4733909  -0.7643920
-0.5259899  -0.8493245
-0.5785889  -0.9342569
-0.6311879  -1.0191894
-0.6837869  -1.1041218
-0.7363858  -1.1890542
-0.7889848  -1.2739867
-0.8415838  -1.3589191
-0.8941828  -1.4438516
-0.9467818  -1.5287840
-0.9993808  -1.6137165
-1.0519798  -1.6986489
-1.1045788  -1.7835814
-1.1571778  -1.8685138
-1.2097767  -1.9534463
-1.2623757  -2.0383787
-1.3149747  -2.1233112
-1.3675737  -2.2082436
-1.4201727  -2.2931760
-1.4727717  -2.3781085
-1.5253707  -2.4630409
-1.5779697  -2.5479734
-1.6305686  -2.6329058
-1.6831676  -2.7178383
-1.7357666  -2.8027707
-1.7883656  -2.8877032
-1.8409646  -2.9726356
-1.8935636  -3.0575681
-1.9461626  -3.1425005
-1.9987616  -3.2274330
-2.0513606  -3.3123654
-2.1039595  -3.3972978
-2.1565585  -3.4822303
-2.2091575  -3.5671627
-2.2617565  -3.6520952
-2.3143555  -3.7370276
-2.3669545  -3.8219601
-2.4195535  -3.9068925
-2.4721525  -3.9918250
-2.5247515  -4.0767574
-2.5773504  -4.1616899
-2.6299494  -4.2466223
-2.6825484  -4.3315548
-2.7351474  -4.4164872
-2.7877464  -4.5014196
-2.8403454  -4.5863521
-2.8929444  -4.6712845
-2.9455434  -4.7562170
-2.9981424  -4.8411494
-3.0507413  -4.9260819
-3.1033403  -5.0110143
-3.1559393  -5.0959468
-3.2085383  -5.1808792
-3.2611373  -5.2658117
-3.3137363  -5.3507441
-3.3663353  -5.4356766
-3.4189343  -5.5206090
-3.4715333  -5.6055414
-3.5241322  -5.6904739
-3.5767312  -5.7754063
-3.6293302  -5.8603388
-3.6819292  -5.9452712
-3.7345282  -6.0302037
-3.7871272  -6.1151361
-3.8397262  -6.2000686
-3.8923252  -6.2850010
-3.9449242  -6.3699335
-3.9975231  -6.4548659
-4.0501221  -6.5397984
-4.1027211  -6.6247308
-4.1553201  -6.7096632
-4.2079191  -6.7945957
-4.2605181  -6.8795281
-4.3131171  -6.9644606
-4.3657161  -7.0493930
-4.4183150  -7.1343255
-4.4709140  -7.2192579
-4.5235130  -7.3041904
-4.5761120  -7.3891228
-4.6287110  -7.4740553
-4.6813100  -7.5589877
-4.7339090  -7.6439201
-4.7865080  -7.7288526
-4.8391070  -7.8137850
-4.8917059  -7.8987175
-4.9443049  -7.9836499
-4.9969039  -8.0685824
-5.0495029  -8.1535148
-5.1021019  -8.2384473
-5.1547009  -8.3233797
-5.2072999  -8.4083122
-5.2598989  -8.4932446
-5.3124979  -8.5781771
-5.3650968  -8.6631095
-5.4176958  -8.7480419
-5.4702948  -8.8329744
-5.5228938  -8.9179068
-5.5754928  -9.0028393
-5.6280918  -9.0877717
-5.6806908  -9.1727042
-5.7332898  -9.2576366
-5.7858888  -9.3425691
-5.8384877  -9.4275015
-5.8910867  -9.5124340
-5.9436857  -9.5973664
-5.9962847  -9.6822989
-6.0488837  -9.7672313
-6.1014827  -9.8521637
-6.1540817  -9.9370962
-6.2066807  -10.0220286
-6.2592797  -10.1069611
-6.3118786  -10.1918935
-6.3644776  -10.2768260
-6.4170766  -10.3617584
-6.4696756  -10.4466909
-6.5222746  -10.5316233
-6.5748736  -10.6165558
-6.6274726  -10.7014882
-6.6800716  -10.7864207
-6.7326706  -10.8713531
-6.7852695  -10.9562855
-6.8378685  -11.0412180
-6.8904675  -11.1261504
-6.9430665  -11.2110829
-6.9956655  -11.2960153
-7.0482645  -11.3809478
-7.1008635  -11.4658802
-7.1534625  -11.5508127
-7.2060615  -11.6357451
-7.2586604  -11.7206776
-7.3112594  -11.8056100
-7.3638584  -11.8905425
-7.4164574  -11.9754749
-7.4690564  -12.0604073
-7.5216554  -12.1453398
-7.5742544  -12.2302722
-7.6268534  -12.3152047
-7.6794523  -12.4001371
-7.7320513  -12.4850696
-7.7846503  -12.5700020
-7.8372493  -12.6549345
-7.8898483  -12.7398669
-7.9424473  -12.8247994
-7.9950463  -12.9097318
-8.0476453  -12.9946643
-8.1002443  -13.0795967
-8.1528432  -13.1645291
-8.2054422  -13.2494616
-8.2580412  -13.3343940
-8.3106402  -13.4193265
-8.3632392  -13.5042589
-8.4158382  -13.5891914
-8.4684372  -13.6741238
-8.5210362  -13.7590563
-8.5736352  -13.8439887
-8.6262341  -13.9289212
-8.6788331  -14.0138536
-8.7314321  -14.0987861
-8.7840311  -14.1837185
-8.8366301  -14.2686509
-8.8892291  -14.3535834
-8.9418281  -14.4385158
-8.9944271  -14.5234483
-9.0470261  -14.6083807
-9.0996250  -14.6933132
-9.1522240  -14.7782456
-9.2048230  -14.8631781
-9.2574220  -14.9481105
-9.3100210  -15.0330430
-9.3626200  -15.1179754
-9.4152190  -15.2029079
-9.4678180  -15.2878403
-9.5204170  -15.3727727
-9.5730159  -15.4577052
-9.6256149  -15.5426376
-9.6782139  -15.6275701
-9.7308129  -15.7125025
-9.7834119  -15.7974350
-9.8360109  -15.8823674
-9.8886099  -15.9672999
-9.9412089  -16.0522323
-9.9938079  -16.1371648
-10.0464068  -16.2220972
-10.0990058  -16.3070297
-10.1516048  -16.3919621
-10.2042038  -16.4768945
-10.2568028  -16.5618270
-10.3094018  -16.6467594
-10.3620008  -16.7316919
-10.4145998  -16.8166243
-10.4671987  -16.9015568
-10.5197977  -16.9864892
